StockMC:
mean: 0.010226748977442269
std: 0.05621214574178659
min: -0.19236887709510547
max: 0.18261834658353657

StockMC2:
mean: 0.006692951934384806
std: 0.09676149281435417
min: -0.4221916067161989
max: 0.3298576058914659

Naive:
mean: 0.00791628047430005
std: 0.03261244326301201
min: -0.15625040785728558
max: 0.16012817884434646

