0.0,0.0,0.0,0.0
0.0,0.0,0.0,0.0
0.0,0.0,0.0,0.0
0.0,0.0,0.0,0.0
0.0,0.0,0.0,0.055516562556021595
0.0,0.0,0.0,0.0416378642365339
0.0,0.0,0.0,0.029678342312603974
0.07589601958060481,0.0,0.0,-0.0004352774660440291
0.04899923972856582,0.0,0.0,0.011983954461075126
0.016764884838352555,0.0,0.0,-0.0088338782869672
-0.0036997170032706584,0.0,0.0,0.007260681908455761
0.004438459732834966,0.0,0.0,-0.014587459177008419
-0.018772063135425354,0.0,0.0,-0.02565785200253736
-0.03564354156999908,0.0,0.0,-0.02339569912219921
-0.03440021772262139,0.0,0.0,-0.031236370276023755
-0.008771864419818594,0.05879601918004262,0.0,-0.0013256076591077785
0.025178185713498603,0.05843103155208115,0.0,0.03556151249155983
0.0054609000755985165,0.04281830636199138,0.0,0.05019386036076376
0.014803403217118935,-0.0004352774660440291,0.0,0.035625751324723856
0.046590141796083735,0.03195736724462124,0.0,0.028761039186702666
0.06844626655504145,0.0342315157736643,0.0,0.017822300274822817
0.04171371101301968,0.0165016498019439,0.0,0.0036932870669843763
0.0,-0.015893729588504234,0.0,-0.015893729588504234
-0.0008693110571315307,0.008114101233074706,0.0,-0.011397827956989173
-0.018248968460763956,0.006907263660711599,0.0,-0.03502034870722406
-0.008491160461572025,-0.00524242038537397,0.0,-0.014285713976499777
-0.025591376344086026,0.0011047945693677822,0.0,0.002433628264742725
-0.013452935577495813,0.03983796984019808,0.0,0.005003262888769501
0.0049783332255771895,0.059320052050191543,0.0,0.02743972178445942
0.03119468957533865,0.05095835630026404,0.0,0.023495827327715702
0.024363693183300124,0.04181413624305015,0.10306866017963606,0.03928490312767823
0.04226596685695875,0.02369050309456645,0.0835057951804509,0.019480454123799673
0.03425553284463043,0.023245688100058462,0.06705933545671344,0.014430282145164756
0.0406091582297692,0.02656220335292839,0.026115363958316352,0.01158551788059399
0.017748895719720933,0.011182795698924799,0.04349753565251815,-0.0014865151836908107
0.03682961447340089,0.027973455990883852,0.063162545564544,0.022080701574552164
0.04848740509574336,0.05779216325125187,0.0752474790924647,0.03757964066155588
0.038861711616054284,0.08230081676325625,0.06509902024820378,0.03753968027403263
0.046709152726503306,0.07243850179598639,0.08114037636580598,0.04848998298596335
0.04628452425836615,0.09050675128361911,0.09803916893852112,0.023680931110945668
0.04878046452680956,0.08585858397324155,0.0801660567969869,0.011868262980729759
0.08592090599744781,0.12690355049870777,0.12814854742150003,0.04374495272873887
0.062318239765646856,0.10692636132194029,0.15102406031960394,0.03732251597003082
0.059750400240441925,0.11544262330389828,0.18161073777728773,0.05093348317640997
0.05233037826371124,0.10448399260922565,0.16076668143254477,0.0410515461870263
0.0561866339997289,0.1057549373540029,0.15199112495594855,0.01978063024323091
0.0675730939036748,0.11698520666603845,0.14344714816114518,0.028744662275022606
0.07017182871239981,0.12356688422789318,0.1496849695782093,0.02181882560689665
0.04876611733713049,0.13573694015962076,0.16590461571957327,0.040209770784770844
0.06003128783792116,0.15291363249680986,0.16580643010752696,0.04109850201651629
0.04189994126472419,0.1208973851453549,0.1522527588190153,0.025660482310198143
0.013014801864801938,0.06711690335823417,0.12878789764528362,-0.014550189514368444
0.03840983291722681,0.10527396178552584,0.1962389115876347,0.009710569742494311
0.039536171078955185,0.1093306310209053,0.18968887992845587,0.008854455060956501
0.025321240563916943,0.1010551765636198,0.20070810357840466,0.005559655403255283
0.0005602801225075778,0.08351872429689132,0.17654810767351553,0.027420900194788097
-0.008669931906842617,0.052487288435423204,0.18605166219263594,-0.006103162567042784
-0.006486249193592581,0.04829882769454089,0.1603896069179738,-0.0197476324693296
0.025503316375711668,0.032631762258510104,0.15184148180055992,-0.014375194042580064
-0.014610708341039462,0.034965015540015534,0.14310229257450563,-0.005599159925376707
-0.022307515492914834,0.026886902246975285,0.13548526226375027,-0.005024208968209445
-0.015481017894619226,0.015396255172091762,0.13418259593132043,-0.003544170797534536
0.025942496232083063,0.03873777546250103,0.1670913659062152,0.02786090127150349
0.017491588481891064,0.021101793111144598,0.15970302609955347,0.026276295538218822
0.009886177767465556,-0.0012912746963895034,0.15142490429604422,0.01253035323489146
0.04917728122662678,0.03984436693558859,0.1655588318562282,0.05035573007696476
0.0487988372522305,0.07152442678717441,0.14344182818583648,0.01655448396298913
0.04750321586865127,0.035879378583317974,0.14493050469871244,0.024323299195318275
0.05803073972410114,0.03346134637888735,0.1464503275142055,0.043960122718140426
0.0265599231115167,0.03999266642066586,0.14508930895067598,0.005703065305595037
0.03566205193855158,0.056924204668749354,0.14519716592118975,0.013421617512139987
0.04211302257319947,0.049869666919625404,0.10497447894683747,0.007320121668277806
-0.0008911067387077245,0.04570042817197491,0.09620653297236076,-0.008138694267515983
0.014674301813273057,0.06020944278234861,0.09480594526344968,0.0047847067162856746
0.01981790822417092,0.07207207342477623,0.1095570901320902,0.008652622132215747
0.03326259731068644,0.09220125131473247,0.12156715959285577,0.03509401046061719
0.0368597908913699,0.09528266923559232,0.11214592069671328,0.043703120875791694
0.031255535383091386,0.06239768851377676,0.10355261162330356,0.02998238042359118
0.012584243622270253,0.044806163130943676,0.06685344662658164,0.0001751050450823724
0.003924331003847053,0.039527152558683894,0.038184837450375035,-0.036301419989677466
0.010405643555455956,0.021030119033503488,0.0617124177485621,-0.020851085997302655
-0.019607825973526366,0.002147440906452381,0.07382546217352014,-0.041095923250139624
-0.023630170423624256,0.018032530549278006,0.05455890512298877,-0.0019254506927104185
-0.05896423035256305,-0.025831546355272527,0.006765441703518764,-0.021677292496042812
-0.05821921033495856,-0.025341130604288494,0.013638076433397527,-0.03997208867215758
-0.07439173683893337,-0.06621931721314997,-0.013064594510466803,-0.055714267857142855
-0.08493246419567273,-0.0872030871039733,-0.04168220909258614,-0.09680813749561562
-0.05987083156099089,-0.03924366679907842,0.004663308997140291,-0.021794405706603653
-0.034285678571428564,-0.04620809442313766,0.011219184741959676,-0.016727236363636357
-0.04840410382321992,-0.05007004639478367,0.01839337496984575,0.02609676576972839
-0.04177266542367111,-0.0965754076515271,-0.013278529768495802,0.024465980582524333
-0.04927270909090915,-0.10630656661447854,-0.021153070803185035,-0.029149646692357103
0.002647484821341117,-0.0921233187629,-0.03547391239814604,-0.019600627973349504
0.0054368737864077,-0.09364610373453351,-0.05303586320409662,-0.0457058439257592
-0.039546991467749884,-0.08084575481246899,-0.04451420473797951,-0.019522328260892015
-0.033284077911091864,-0.0874498501056057,-0.06825881182928513,-0.00019127939966954804
-0.03151491085569158,-0.06160716071428572,-0.05959201754488158,-0.008864598264805798
-0.008718707684560628,-0.08277799017888465,-0.06623815626631523,0.010042487640836052
0.01070944710825312,-0.04013808499567591,-0.06493280254777076,0.021650840904697516
-0.017540550735571477,-0.05290909090909085,-0.0769094453304979,-0.0036342579119022778
0.02684432265052773,0.005484058141375595,-0.06109840965745348,0.011798268540404729
0.012951904117533419,0.017475766990291273,-0.07125126094474514,0.001912103287038322
0.007459812690509101,-0.02209437389353181,-0.06047097644539821,-0.003405865786409296
0.03520462483738584,0.00591715954448375,-0.04056435554560219,0.04434636206565554
0.07437858650819479,0.03556950002099147,-0.016281512890082502,0.05679896771859951
0.03368028509669954,0.0354435760213637,-0.06455480943305449,0.04255723120010567
0.01958151276636578,0.015681774418019236,-0.09229186779326169,0.008353958927433361
0.026894866537328057,0.029800037721614412,-0.06506855941546032,0.003676396923661854
0.06106862362333495,0.07377363989520361,-0.026781077773830264,-0.010500106967433847
0.09113353298399601,0.11096077711192745,0.02114431451926655,0.051986087278307086
0.05386029213748925,0.09659531554313924,0.0006982195723823383,0.07945774657394572
0.013881509412377872,0.08411041073473671,0.01732144642857149,0.0434066499416356
0.053999651217286275,0.10095608223625398,0.009821150473518015,0.0356115840148052
0.08171718919756758,0.0870388490837786,0.04340719136565218,-0.00034800765011302375
0.05659342698144423,0.10750622000383944,0.04890907272727273,0.006279382303178707
0.030755450746598956,0.07786351618820825,0.08377458237945191,0.0059680532566604005
-0.01879244790686536,0.07614497800973372,0.09495143689320394,-0.020666949612123967
-0.03593235527882935,0.04936400415280068,0.02617896349463503,-0.03794605678074744
-0.027382850142481246,0.01856613902330364,0.02459315737451334,-0.039521564214275745
-0.04376521209568559,-0.020110304682511217,0.014743881855653526,-0.03926016333519171
-0.05117498605439532,-0.002196650151992437,0.03316906873271678,-0.033339262871772704
-0.05234877885853319,0.0293729423955387,0.04551533667019825,-0.010855834991858214
-0.06822542194686053,-0.02197794952300179,0.00716714447378343,-0.0362750045118209
-0.054974251728573474,-0.04154671012757955,0.0291618777358416,-0.03214674841724037
-0.00940835896508057,-0.047329057815746395,0.058380050260970484,0.004402898712269205
-0.020754412560909468,-0.053549692881573546,0.0378729731804319,-0.007499542985167049
-0.0074464037877514586,-0.04072316937470306,0.03996199885750713,0.023408238823661467
0.015410017076133377,-0.03872879337517218,0.058317381612187025,0.03865635131063336
-0.011706585392595096,-0.05953005988633497,0.022327361299048623,-0.013150703196347095
0.012921310377479064,-0.062402479847503495,0.03839508542906508,-0.00313302628577317
0.008631994583749462,-0.06211832032597591,0.010908445021946406,-0.01646847149246217
-0.008219196347031969,-0.037063309754625164,0.03625948334887466,-0.018970172320512093
-0.000921470730610784,-0.019178595983354436,0.02923867587767905,0.0033314825713768167
0.002561738241107402,-0.011189297960656921,0.007169099001135992,0.0129414124607135
-0.04155373230546457,-0.036505665882570544,-0.05588183050154531,-0.013023274418604657
-0.011845271364894779,-0.02054667108958617,-0.02269818739340673,-0.016758748006606716
0.005731225734886249,-0.004938650262983346,0.024289229442869032,0.003504943801972718
-0.005209283720930168,0.0013108426475340357,-0.020695916509007855,-0.024091987149260925
0.010128895214160128,0.02927372810520313,-0.013489209118316876,0.033930236266356946
0.026563420523213754,0.016438392694063938,-0.031668678759897755,0.042330081332273437
0.019894140903556536,0.029856304086115094,-0.025292184709848786,0.027205862970372672
0.02035819077018268,-0.009515114015915326,-0.04985079779092865,0.012343369883235958
-0.002622195216748423,-0.037940344641024186,-0.07519975424801131,-0.02917042950484701
-0.037867682431335155,-0.03127890118968896,-0.08894692621502298,-0.05947891969527687
-0.015148699922410826,-0.026437419116287792,-0.08719013845016714,-0.05762349574761109
-0.04010931777973809,-0.02046507906976743,-0.08131214305859111,-0.0273415660938192
-0.06684639472250155,-0.04364639122737369,-0.07909202126426715,-0.024788732394366204
-0.053149623243564426,-0.023980797343309428,-0.04269947530305783,0.010890332441727038
-0.06484393007862682,-0.07610881408817637,-0.08644650785056843,-0.038739099886061466
-0.056901389671361435,-0.05334586339954495,-0.08790410301663446,-0.04615386339396525
-0.018341593427588905,-0.03764746277668975,-0.05742060383124584,-0.010591161178509527
-0.031712837067983286,-0.06268382122485958,-0.06731289801766598,-0.036287998487998484
-0.05413110905484868,-0.06863665478517578,-0.06741578399191822,-0.016199131098362927
-0.04448297708453687,-0.09535094240112825,-0.06886849185835063,-0.011947470889138442
-0.07333209223209224,-0.11895782142110263,-0.10447490410958911,-0.0457376791409561
-0.02390357613400987,-0.1157838383002177,-0.08938441169865148,-0.030986505942870928
-0.010951871546159541,-0.08239428999825808,-0.0911254129505796,-0.0026104618998084726
-0.009147547505886647,-0.04394366197183105,-0.0802167689328553,0.02599760229741231
-0.013924357171039146,-0.039358062667176286,-0.06940588690368105,0.0254945956658086
0.00020084337752697678,-0.05412075579187233,-0.07912736180440014,0.008095547460028399
0.01854095160300178,-0.040075990880304314,-0.05972091162790704,0.017515664083578117
0.01203344915426173,-0.04448297708453687,-0.08618784689112056,-0.025338852877627122
0.02853673345476632,-0.039501039501039434,-0.06253457042122437,0.01073987690413446
0.010066438899393553,-0.008889786821212706,-0.08432200977692987,0.00722740399061626
0.0007857198978590401,0.01453604112831453,-0.03958525993563165,0.008112386068215625
0.0015911297054719583,-0.01985208213600469,-0.05675216438943942,0.014913382001478818
-0.0036137321097423733,-0.026671915015810295,-0.08768383868809418,-0.023415958284140108
0.01108027283181104,0.02610439811454614,-0.04432397523239253,0.018536975026389273
0.05199520459482477,0.05199520459482477,-0.04831352956475949,0.02453385624074865
0.035025541125541106,0.07281254482587289,-0.05480689829984195,0.044479685375701294
0.028104525736676343,0.04391827565270196,-0.07695058917411257,0.03929077091898508
0.016094190066846176,0.04227908364320859,-0.043598761433608635,0.013111585640375246
0.02760125044477269,0.01649970536240431,-0.028169014084507043,-0.008620708647112868
0.05077575960556601,0.037191786738102445,-0.003630072602216331,-0.00855505735950786
0.03581217361300093,0.06263800315924507,0.0051272312951007055,0.026172895456653904
0.027777796402724212,0.06153543605984504,0.018993351605190823,0.036314506470929056
0.02775671208200427,0.08948009047722874,0.04101677257847102,0.044637700483091784
0.046723534442670175,0.06237705627705621,0.02041205821205822,0.035282836614272735
0.04133668147575803,0.0745465845942429,0.06499409452773787,0.018515019837521195
0.05371978743961346,0.07026492501933408,0.08582233998760758,0.016402552976605592
0.03336523361974181,0.0700952726351218,0.04885165338941903,-0.003144691025810315
0.03646327224636307,0.10537980847511966,0.0758972121632786,0.016114076083938653
0.04175203945006381,0.09373779231850467,0.1222891590821117,0.03672786125023199
0.04402511942239884,0.08122601376961659,0.13744458156881462,0.03502659150974868
0.026671567821019954,0.053802321437350635,0.13053235020461665,0.02857674946329089
0.04155076980152113,0.08860022921286433,0.13640967415502944,0.023514418091242904
0.02072255677099866,0.07514004249565372,0.1205959782804903,-0.0041152085187907495
0.01428838400980474,0.05623188405797095,0.07365939893930466,-0.03153789921222365
0.0029164964834762987,0.05503351658548359,0.09427209813588117,-0.007396716579469539
-0.02576486000652823,0.028717192518420566,0.09315398327335911,-0.03027606303558102
-0.03862510699194019,0.011369915699164419,0.07360500447952122,-0.025152748832195357
-0.020025257081003056,0.004809452371264302,0.0947198930818197,-0.006220270764727339
-0.01300096124662651,0.026486311298895726,0.09051550570641478,0.0072700472555433755
0.001437333812432633,0.03394550176219626,0.11102260757514874,0.02369147798546407
0.02616172703988304,0.028608124493088784,0.10088319723487352,0.03372654012998674
0.020901454016721128,0.042308388241016605,0.11536927888464504,0.03405740058910161
0.02442604179199182,0.016769923135801616,0.12391694289911452,0.0064958681521424255
0.031330649883179136,0.0012524602120676416,0.0951076553858183,0.003946842341340541
0.04547129970544912,0.0062013112367347205,0.08793103279825601,0.012479960777322038
0.030313967171200544,0.030128053400685542,0.08555133405138153,0.01655688148680368
0.014172891490029003,0.006767533151646119,0.09596736735295194,0.013445679696050192
0.01978964164735241,0.027668002155946888,0.1048870195093683,0.022158720910627552
0.023322094474705114,0.05159165751920967,0.11072463768115937,0.012150008590420702
0.0329867341876432,0.047255525263540474,0.10488967958237086,0.009106847954705719
0.04395995432380183,0.07291087102092063,0.10372185905913471,0.033433557994579186
0.030110916884822796,0.07814231766097737,0.09040070492448443,0.022727254847425608
0.02626970319683724,0.07879230486008834,0.08398070506879939,0.019485003479471165
0.032549089555087445,0.05322990087441,0.08112607589827471,0.013016314005836757
0.031293723229130654,0.0583064205846279,0.094231163049527,0.009757001361074975
0.03670842032011146,0.062399714744161165,0.09279297804498414,0.018632478632478692
0.0584866896648158,0.08581100536980608,0.1317499189413604,0.04078505258652052
0.035433140548892135,0.084438922273914,0.10262487964591908,0.03632007942984541
0.08769232478632479,0.1370622254657295,0.1384863506617704,0.07865737994041776
0.09641641967291537,0.1313611352111088,0.1383770577316984,0.0782010404430273
0.09371254229420158,0.118038568057393,0.15172289373985212,0.04672893763800839
0.06611284739403817,0.11250663563606302,0.12003556117415637,0.03967592859395188
0.07568380600771935,0.12062931607291404,0.1516348904060367,0.007386405667351778
0.058862106612162374,0.12352125956854552,0.181485583607757,0.00513621789883258
0.05620758617267042,0.10881638508879535,0.16121408578698654,0.0007831923558897193
0.0,0.08918184146462999,0.16859503822598643,0.011766608550908022
-0.010583657587548635,0.08666666666666667,0.17158131852492875,-0.008268299789962538
0.024436121553884665,0.11604102785122965,0.2039764727540501,0.012697429151519807
0.008904468260525766,0.08703104483520721,0.14489359959919162,-0.0068868055546534405
-0.00077995322246337,0.08577726442524967,0.149085050266055,0.006600691393985736
0.0037162897579346614,0.0877664037590198,0.15564271706186467,0.01966336322164532
0.003600000056346751,0.051319903219547366,0.14153472108010395,-0.019571849554377744
0.030645936969260667,0.08414613707567734,0.17569026847777458,0.0335697551840857
0.03303441875098327,0.032060301240605146,0.17351678294347367,0.02529266079815801
-0.01788989241926941,-0.0003112373540856591,0.13100901336487034,-0.009102082690527567
0.02253736765110536,0.016290679824561397,0.13625217640112708,0.011852681915813481
0.02404360543121279,0.04293205665339565,0.16026883354446908,0.00015239401792037236
0.012033292193767453,0.02340093676757993,0.14685309183823264,-0.0010659357717660869
0.015751621221851878,0.008516490909988047,0.13308971816283935,0.014012049789255136
-0.012808843769172093,0.013304101006481418,0.12356819027365828,-0.002157814526409474
-0.012182046967627588,0.01948769417746822,0.11040748409474437,-0.010977177068283437
0.0017124862970970575,0.012112568821771261,0.09982899145299144,-0.019207348146565495
0.010635065226652063,0.002599357718673962,0.11894201771133156,0.006755765703474394
-0.007165620196104332,0.02631996806430305,0.11564166722017585,0.005869709788993151
-0.035060961434785404,-0.011709663776284351,0.07306317772289621,-0.02420231119767325
-0.0305542467628242,-0.02591794199321182,0.059573737204228885,-0.01865087153564629
-0.03722576574685714,-0.027916421026992103,0.02197081416721389,-0.04941281073661725
-0.01325729860071067,-0.023940224948452934,0.058191434677089336,-0.017045469116455613
-0.02144850926008755,-0.041266926793571745,-0.010529655657242511,-0.005371248110130244
-0.04285499466219293,-0.022886578411026905,-0.023190692607003842,-0.006018387805169272
-0.03086612265665897,-0.027281074011147165,-0.01143482142857153,0.01251402173868046
0.0009478989091294808,-0.03399901106870021,0.007473398115334583,-0.010154678639128977
0.0034843522883171696,-0.034146296772752986,-0.01154441533679927,0.00635327201958808
0.013637060367814513,-0.02994007507784782,-0.021678568545104623,0.006692192692549108
-0.011404514563208474,-0.022551730693596922,-0.009547660190134085,0.0026936776629111394
0.008735689465306371,-0.020965083044623783,-0.0018859499939344175,0.0023673768565755887
0.017367750712802704,-0.007615760498337612,0.004404561900267407,0.007733538388043941
0.002218333034093964,-0.03538203446698175,-0.03287464731270193,0.0011079455523900013
0.008207070577539971,-0.01904179887706696,0.006776989648904808,0.009481700529104046
-0.018308080519127464,-0.01737753581955032,-0.0288837144941274,-0.020626626377787047
-0.008388698955365608,-0.007760484760223111,-0.03347729095958026,-0.01879398649315539
0.007743378757006722,0.023102806895465892,-0.005458561815725334,0.008221343873517835
0.006928090282729929,-0.00093736913178037,-0.024855153252358746,0.0010958046165340588
0.006577901537287507,0.020806830063640886,-0.021318730662973417,0.03327967792154864
0.019604711462450592,0.027565329112980482,0.0040478746357835846,0.029369448384055905
0.0029743111619549467,0.0152115193279746,-0.012484541267781035,0.00470440646071805
0.025723440100909312,0.0069444127691854485,-0.027290701466119918,-0.0023456137240717265
0.019153965868987502,0.007733538388043941,-0.026676830081610675,-0.006534915506531052
0.00015679786733563476,0.009496660335549174,-0.020727745465733808,-0.011009443665977527
0.012353353989783357,0.0230720452445014,0.0,0.010457281098798296
0.012291909707106249,0.024405606185029165,0.0029288575799818624,0.019749200936507748
0.006667700625452133,0.016758027149820855,0.009014641530285571,0.016758027149820855
0.022787560480724375,0.036047415019762906,-0.0006100503278936941,0.027438068790186204
0.03542318237340401,0.0341264396661483,0.014434811988568184,0.02038924993479291
0.04181674367476103,0.06945331078049345,0.050868847565068744,0.022440809174325685
0.05032924193053066,0.06927367695854182,0.060975594883997335,0.03188539839449769
0.011121424501743055,0.026501474047357584,0.05021653938018478,-0.0010682130485002354
0.0021518445174253326,0.0195464578647934,0.018590766486774928,-0.0130184835912347
0.01047443039046293,0.020693963934680062,0.04193136978925295,-0.013830412529934482
-0.010376942017044808,0.005582260988750525,0.033301466963080464,-0.031945067381551506
0.03860131815323403,0.07086001248634313,0.08714942026383425,0.04812102120563737
0.05066148755238217,0.09545454695069829,0.10306183549460497,0.07193254932204993
0.03657268358180884,0.08754900822393147,0.09595961022791036,0.05853664812611744
0.06813319688562798,0.09626840853352805,0.10667929724596402,0.07818041875652806
0.06641107667535641,0.07398827846735496,0.09876738462021795,0.013409094688688415
0.08094521588247612,0.0899170946792837,0.11651718206635744,0.014594434319565487
0.10670777507194379,0.10551446720623738,0.12404070866219924,0.033554074494410245
0.03075353402195694,0.07920039797345323,0.1181027826086956,0.01144169083071183
0.011017384618935215,0.06963375929863044,0.10613655125021054,0.016252049708788244
0.024769613341888926,0.0697535659840754,0.1440514928609085,0.0035255956268173388
0.017448527386971554,0.061949561485283265,0.13551471235387993,-0.008778013464317136
0.03293543841414393,0.09715858687990504,0.12623490669593837,0.015554284282320597
-0.00282054701336647,0.0845092370172962,0.10570755112263401,0.0007075431243960242
-0.021039362729804816,0.0710366485072149,0.09320064228414382,-0.012647582200810453
0.0019796379810571633,0.09267545389901165,0.09877505345867738,-0.003935872981949384
0.014293715579184033,0.04459986817373767,0.11862022787576111,-0.002088582567529747
0.01236645517895141,0.03076265604181795,0.12915363838798813,0.018809249311402303
0.00520105433231728,0.029809906975521012,0.119968742990407,0.017791061264131474
0.0029239626844891464,0.030177360703013703,0.12935089572516312,0.016511402533003164
0.02404193217426017,0.041421041872875576,0.11847399192072883,0.010325185163253302
0.02348422933435158,0.014102382507269355,0.10528752244966266,-0.0018045113575165417
-0.002681385793375732,-0.015326724898706583,0.08857055109582719,-0.011746664473593404
-0.004743909717982879,0.008625579629163141,0.0885091269419978,-0.009718131469084295
-0.010410882698349768,0.008915892504053679,0.07917049891524386,-0.015467517444136545
-0.013284910829676762,-0.008431787047117192,0.06073363172280343,-0.018773549226892096
-0.004581452236310699,0.00787177407747775,0.07030898851497198,0.014574770470490028
-0.026930049610272143,-0.018936243386243345,0.07638252484544035,-0.012196873343701814
-0.028786092127042594,-0.012303818587241064,0.07116563210884816,-0.02033952840034333
-0.021508363421773494,-0.015798462402548744,0.054115916284021855,-0.019982937074346185
-0.02144958582785389,-0.014959045795102276,0.07633007174495217,-0.02649922007667577
-0.023706031368971425,-0.028882378369816716,0.014429339536083122,-0.012205521036127136
-0.027636012688095547,-0.047612436873786364,-0.018314465850829475,-0.01761161326526998
-0.051743363392330356,-0.04922393933089248,-0.020881393407794067,-0.016775183896596282
-0.021856386912523083,-0.04317646873769909,-0.014302059905665328,-0.012607520948100776
-0.0015749284979913645,-0.03701147427087567,0.0028765137764491084,0.0018678879847093823
0.015618235267729938,-0.02336254911069125,-0.00958963420732573,0.02361174721452051
0.0041546273285976145,-0.008207188572440703,-0.02340812414970568,0.03088686662411726
0.008333362308430058,-0.016122276289856078,-0.007635760638634459,0.018282095713351588
0.04518288813317463,0.005891401235917959,0.014859820840089332,0.028395180192377162
0.04603625668587308,0.007936579023145719,-0.0005621275681772549,0.012672646475609586
0.03816025937783685,-0.0020919666147265308,0.005763339974182467,0.020830462024851656
0.022945632169268614,0.012347473919209068,-0.006822584238373712,0.016386463379880114
0.031183182492531155,0.03694161150868347,0.024183270035119227,0.009900976292023243
0.024397304859312654,0.03832250069927696,0.021918601710259042,0.009561304433578369
0.010259361641493214,0.015759297316935598,0.0005645074715706499,-0.009084569849703614
-0.015479026850913733,0.014367816504822313,-0.014929538577634776,-0.010234178880297717
0.0018278542536057406,0.03847834078883053,-0.010966143656772072,-0.016155730907366314
-0.004612187088238242,0.047507031843124874,-0.004055390741004366,-0.008078021946600858
0.0021029159651503046,0.03714458900593685,-0.0076356519177517585,0.00818054983975876
-0.023059901216788303,0.014627806627227647,-0.022925064332271004,0.002124674281152255
-0.00821732556195029,0.013954093096080316,-0.00973445919986327,-0.0005614175438597015
-0.002256755930698009,0.00927381990434128,0.0009905193431587924,-0.006739721893573077
-0.00042490086189529616,0.005557138785978717,-0.010654731230765985,-0.01273087523513399
0.016982442105263104,0.010458792503957502,0.016411810682959486,0.024169597173144822
0.014602653543911125,0.01602923160731592,0.024093027893793407,0.014745162403386691
0.013710072172212975,0.012718322317889944,0.010599749397479055,0.024314405550308275
0.024734982332155476,0.016402607138578336,0.02895261182163803,0.027348731755703657
0.024575200457452612,0.007456517742516224,0.044673585032851335,0.006900358913888476
0.04636696483932617,0.03091913519836482,0.07042653447790215,0.024356420582440665
0.044211449624486525,0.03935119776160241,0.05573064230384063,0.01697492433031928
0.012972716160263877,0.0396601144379636,0.05459776018959083,0.012413820689655181
0.015084361608514753,0.029473656140350867,0.06908609431444263,0.0053453811039663405
0.013662683048063526,0.03131137277012956,0.08030591499649693,-0.007700621765764289
0.08344831724137937,0.09890878152313463,0.13972729656782631,0.06595197269773444
0.07168315613600831,0.10515903886925805,0.12132509158217032,0.06525885380766075
0.06160504167542711,0.10349674348401545,0.11889503977381287,0.07130203330066885
0.08237209709941373,0.12750924872799685,0.13796556644117944,0.08590885306639297
0.1046321497375435,0.1489301686268953,0.1553149330293529,0.03220877025300673
0.12392643828020292,0.1377312053233676,0.14963049992512217,0.05435477543535553
0.12511916099874051,0.14364789250905366,0.16197968945530003,0.0516670513701439
0.04086567635140633,0.1283467172004792,0.14269739443616788,0.025075225048264167
0.035938073003246536,0.11724137931034483,0.1355670507341358,-0.000986704465054074
0.041740887204355176,0.12198467820702685,0.1303507768669089,-0.007035431658529192
0.012788327161777198,0.09132669918913938,0.12506957694695361,-0.022507260678935867
-0.0035767266014619676,0.09634955634822749,0.13949222455593166,-0.011864004112915705
-0.024745268686432176,0.09536784481286527,0.13881025888980905,-0.007407382716049375
-0.036786072565175174,0.08520790961712092,0.1171929543859649,-0.02760814772039885
-0.007338527217746391,0.10496946650658141,0.13956757737198017,0.004704196641547334
0.014938259259259214,0.046594473077231996,0.15011185715814815,0.017576407753726757
-0.0018324211845538658,0.04501850505132343,0.1549116466431095,0.016293494619564756
0.014607576313537618,0.04301345016509421,0.1509619456672089,0.029648254513775202
-0.0008664438560906489,0.012036095485554229,0.14108005770653254,-0.005421426544040145
-0.0037313929420051666,-0.012086876860215099,0.13504319115771585,-0.025665989851185827
-0.00615574136069705,-0.04039302425053325,0.09177480115615239,-0.0318198266040855
-0.03979797733869005,-0.056994180263724305,0.07846661836516426,-0.049170315387631836
-0.0485342178388787,-0.043297467140472966,0.0794921622894309,-0.03097125828826489
-0.05005502447748163,-0.041728358024691395,0.07062073103448271,-0.030961236728120796
-0.052220583848469664,-0.05106280172168567,0.06469299704897215,-0.01807610898652359
-0.05562435510871711,-0.05632577440363681,0.02985687772994631,-0.021814410368279358
-0.04556805357223608,-0.053719568588692146,0.03745413115879667,-0.022628534612266243
-0.029579117310338465,-0.04514931479728069,0.04591273716859031,-0.010950862756343792
-0.030026998588476933,-0.050376910813490224,0.03053848754024506,-0.026905303810504728
-0.040015404755619946,-0.07479063209508961,0.022328101660780232,-0.014954833466292755
-0.03143523454901168,-0.08551270022518781,-0.04290264635635974,-0.016612126224151317
-0.02021110968074163,-0.06853503938973246,-0.026601879355368348,-0.008597056477675865
0.026367505193460424,-0.045388006898340695,-0.004326851506061216,0.03505757560828553
0.023544840688483008,-0.03059961557730898,-0.018931819986664496,0.04208288944375494
0.03022012622978213,-0.012609263735562141,-0.024543733977707524,0.05200845969672775
0.026590846757023244,-0.019087384413002315,-0.058709411482061914,0.019576888456485534
0.04115067471837404,0.003208007185936096,-0.05396901081763077,-0.0007668456228742889
0.06823620643788222,0.02671947038200622,-0.017734882149342497,0.026325853035143683
0.04243850949364726,0.022159146270581857,-0.020493876543209884,0.003160956032922293
0.024028694377011578,0.031410955200823765,-0.021255777898170316,0.03247429207407966
0.038594210862619854,0.0661156211682165,0.006065833202102415,0.039524136607828046
0.026678481561688245,0.06213211492997181,0.0050748359317385385,0.011082044853244837
0.04471652177104429,0.05601150407756287,0.008333308250415125,0.021804941860596942
0.039524136607828046,0.07514223178421658,0.02097988746180627,0.014353394370192505
-0.0028638526426062157,0.06645367247056444,-0.013307071793638742,-0.014642488543465927
-0.004663410872871773,0.0504123570098429,-0.03941123998797275,-0.02746300594075145
-0.01622569834402033,0.03560634561021746,-0.03536897607843568,-0.027753793018379182
-0.033837825784588126,0.003578719416633979,-0.04197171842327613,-0.033837825784588126
-0.04224138087098689,-0.006134223642172478,-0.03654613433416574,-0.028846215563281204
-0.041939089675588834,-0.017954204979350265,-0.030337079409165437,-0.016461985355679425
-0.05007998216119052,-0.005154652194707571,-0.02414364777975418,-0.020553197158081668
-0.0293456411252337,-0.005755909439754545,-0.0025663672526627795,-0.01006105489280657
-0.022033658072259616,-0.038351327066400834,-0.012656583832055947,-0.006943474615281355
-0.012687135244861711,-0.019158004494983918,0.002576616751741123,0.0019312733856383826
-0.00458473018026227,-0.02446329164515878,0.006179248197734215,0.012435324317434942
-0.014015649248385553,-0.0564783704864662,0.005903148134468923,-0.013508336028238538
-0.0010300244889926153,-0.04445814203663083,0.014911694502748027,0.004661310190548652
-0.024093278138339787,-0.07067970889354871,-0.018627081618877803,-0.031868465690053895
-0.020455473287451093,-0.06312290130883111,0.0072761347943450586,-0.025844484347774567
-0.01890464771832254,-0.05382123991455432,0.009055813506768656,-0.011867540427751736
-0.01940377794911334,-0.03368371490839925,0.015030566640063662,-0.016496946333133027
-0.052456573569264496,-0.06039078913981224,-0.0269347388393807,-0.016989621289600364
-0.0061293818466355045,-0.029419231893246342,-0.025945795653011184,0.000919359087461942
-0.04021130507597916,-0.04243276491318377,-0.04830669648562305,-0.017157134109428658
-0.023626202475508576,-0.05291618521736042,-0.06992032216059293,-0.03603721756092826
-0.08405570113022989,-0.0966321151540977,-0.10128866240434696,-0.058331084480990586
-0.06308564325269808,-0.08671046880057366,-0.09196728063443343,-0.06849496218993516
-0.10247674230053044,-0.11316851819881447,-0.14717968241015264,-0.08030083147172237
-0.04037264489259101,-0.08673862760215884,-0.10423489307965186,-0.03384989216557619
-0.05944100589740186,-0.08290690466187788,-0.10534202051889577,0.027817637734948126
-0.03276489817691815,-0.06064164058424625,-0.11369507002688826,0.014649965196505622
-0.00774877671965126,-0.059285967742542474,-0.10110836580449624,0.06570302425764415
0.029538357600755936,-0.046986901884093484,-0.11434559023066473,0.01027160545940637
-0.0021130018907734105,-0.06960865602322905,-0.1283376570076655,-0.011718805803571533
0.02248504956884367,-0.07575555268927885,-0.12549953482768383,-0.02776620890970719
-0.0025327282960460125,-0.07102606659745936,-0.1023173597275248,-0.028771051617236608
0.027483286830357053,-0.005535997989089772,-0.06559246384166446,0.02576600170894139
0.02623905353656888,-0.030048563574971175,-0.058583789808346484,0.043478291557215894
-0.016851569169792274,-0.036390478899013264,-0.07727909517599703,0.02470374160650775
0.02576600170894139,0.001223545438378173,-0.05175738513602132,0.038933601903422196
0.06592329564784279,0.08273593583986051,-0.021891127793696626,0.02525458179892513
0.09153224463133297,0.07677143475902065,-0.016595921140000337,0.03409096412583777
0.07984206629767339,0.11768148978482966,-0.008804868232362916,0.06675029078176452
0.015206992119294212,0.052061305754889695,-0.03919304805962465,0.015206992119294212
-0.004329004446131172,0.026785686383928465,-0.05834193662528473,-0.025294715261694745
0.030239659134903684,0.026377912347326327,-0.03586332811684924,-0.03283623671281432
0.026476523381492898,0.03575832403776747,-0.025647610550205466,-0.012410254249108316
-0.00741630228006091,0.04387178089672214,-0.005176520051846076,0.00240738273668772
-0.030743144145914694,0.045878037598985746,-0.026924126962491867,0.006657581702651676
-0.009928177272573066,0.08225049382051254,0.00026400951289466375,0.025158947653185403
0.029557390513202678,0.08590780203001545,0.008780042164330856,0.018254034874445327
0.04565218874054856,0.044942252683170265,0.0391574544736013,0.026817906343612
0.06830789936426335,0.06845245044514191,0.036346989061107324,0.06600090786885718
0.06706349383765867,0.1241638203967721,0.08325496061158923,0.06438840131431062
0.08392263177809071,0.1030549327072659,0.10440457053846042,0.05533898199510338
0.09515458740205633,0.07455961926739192,0.1634643149832038,0.05431393001967174
0.051985775801744516,0.043040304996328875,0.12311600572238354,0.00949607459498324
0.018186463307880187,0.02390586451054743,0.1444006320455726,-0.028387269824898267
0.03339397132788434,0.06366192578555273,0.11903755452370918,-0.021048732669835816
0.02494294663422588,0.09986411956152495,0.12932473493303556,-0.002341656425211527
-0.0013635800511611967,0.08967939943189485,0.11842286711679656,0.010410071099583387
-0.022772021732447568,0.05013228968603946,0.08768326038315555,0.012885966300815245
-0.033892038869756454,0.045897293364801695,0.09178267025977699,-0.014334213684574553
-0.013044035631103507,0.06208673570450736,0.11081319089854279,-0.02791840745837198
-0.025133874399102137,0.008180538221657985,0.09110388535061947,-0.05151432600581734
-0.030051553250994012,0.002078409895619343,0.08816476355148488,-0.028341101251304963
-0.033477444106637784,0.016632003854366004,0.06232173625738665,-0.0019135221573354422
0.002482671362529167,0.02253733771066081,0.09253252414860716,0.02630575609846843
0.03274970440546292,0.016362960613932245,0.1425584687135321,0.07302700834827858
0.07500954299029906,0.03729688668874664,0.14419544754391184,0.09242932450647297
0.07955260949160974,0.04695585465807059,0.12501648457114325,0.08576174810229413
0.09239623911026094,0.04690828871535349,0.09196754076484703,0.033556202735111326
0.08050296967206333,0.06340904810190279,0.08883076072511709,0.016587389110559552
0.08640084576689279,0.06877909051652316,0.1368196256581366,0.008662667924385904
0.03467057863619163,0.03224213831657087,0.13532609063386108,-0.01636255502163235
0.03488230357073554,0.053252235681535226,0.14770726362775588,0.01653284992772437
0.01269727112960495,0.07494642996531586,0.128835955789311,0.023875201532698297
0.0011772337084368302,0.08495986841382662,0.13475658978345267,0.0005882705882353388
0.04480649281410695,0.10827292900564406,0.17708197743727772,0.04368120018384878
0.05386920345217045,0.14958763776533762,0.15899188337522246,0.03523863371216579
0.031176494117647065,0.13624582753753986,0.13860741210935007,0.027068269372780396
0.028961285997158633,0.09892644680282324,0.11720379570171253,0.010934743882372262
0.04172069632812488,0.09447742460432335,0.1191440319393253,0.013530558577348532
0.02613081912963757,0.06805710618507385,0.08553368254701067,-0.003073725094431996
0.03151087484382561,0.041058575094051475,0.07988681880568235,0.0009127324378155264
-0.0021786721956044593,0.024367275728096934,0.07246731664366918,0.012095766035272262
-0.013775034780283872,0.0378578646476835,0.08654200100807731,-0.019911777575650838
0.017569879804452328,0.0700660364742901,0.13791790525330083,0.018499508964257325
0.03989300861038589,0.05188240000000001,0.12422991480233762,0.019149674484794037
0.013915646723788217,0.07252279972529445,0.10710322818171322,0.02987825890180154
0.03140344866963572,0.06446673104223283,0.12115196427884718,0.042594980119876835
-0.012652455967657945,0.014998910944406392,0.09106945573837322,-0.02881487770344494
0.012066226570887947,0.035508487871540574,0.12348515274250724,-0.014987181971270323
0.036246105376178187,0.029354409234656768,0.14080562610736744,0.0016736665362531468
-0.002242448654727095,0.013092008792896582,0.16463804922716663,-0.014725442869796206
0.005032960293794375,0.025213907011662092,0.16489502417546043,0.03740473202246368
-0.01930377083339301,0.022214421183493177,0.12333846174178076,-0.0020438401271714556
-0.03731181355181574,-0.016291458494076993,0.07664679106867774,-0.031413613615248394
-0.006003290025284317,-0.016786593582276965,0.05012806562088219,-0.032475559781448705
-0.013171295560349638,-0.009346847964886034,0.03132795887010648,-0.03282881111919859
-0.03742890845813444,-0.007009802585950478,0.017186663349735076,-0.016839174159053096
-0.04101586787315133,-0.014890927446297888,0.022403198485645197,-0.018516400868880963
-0.0492989199944477,-0.04215721398907469,0.024955033592202455,-0.0077816261970179434
-0.00432355221667488,-0.021250440834338857,0.029529435294117647,0.006903670145959254
0.028177171759994478,-0.0024548202704255248,0.06988994901603526,0.03460245181796311
0.034727039134193706,-0.013618290522586294,0.04997051384727198,0.04394188160027568
0.06178799623573833,0.06534282849193629,0.08132181070174885,0.0801825939365562
0.06955206251350256,0.04939250596116741,0.0866548470315751,0.05610782639451896
0.09350837091672695,0.03954553992020284,0.0700607851170827,0.04384785136805693
0.08849348004213968,0.04494887166982519,0.0586293514858539,0.04377598131220031
0.06376407122011035,0.03594474698481255,0.062064961504507424,0.008777600875353234
0.032550290099546,0.050290124590853504,0.07362171178337824,-0.0011902185931665313
0.050398543064251504,0.07625077893907227,0.058717084044768345,0.002786133733390485
0.013220643836374514,0.0859465989766922,0.06771725476761456,0.0054844823203458945
0.005193724414492996,0.06892184701774953,0.05893079702732946,-0.002040971190932253
-0.005250728675525075,0.07429692978604645,0.06676632038955356,0.005633235957821169
-0.001828132096529422,0.08764945337002353,0.07145334427288494,-0.008121414658657521
0.009775529477947348,0.1003160482266182,0.053929789125915624,0.0053475935828877
0.0020583035870069774,0.057022030464586204,0.03455984634560579,-0.004305726495032806
0.022868133727973212,0.07069351072274017,0.06806515058920493,0.031132176427185694
0.022673818181818177,0.07329673693104667,0.05868027015057581,0.030165934065934135
0.026049493518848284,0.03294322749179906,0.10043865964770281,0.014042553191489289
0.03931920630573724,0.04392995117788238,0.09549226751447713,0.0430270702702702
0.055160547295841564,0.04950709387055309,0.09101041854774712,0.023192644730617672
0.03148936170212759,0.04269278508856397,0.08956064927656245,0.014013783434139587
0.04994596756756756,0.0432915047069075,0.08079235387500165,0.018883780948384457
-0.006895152384138069,0.02979092253907318,0.08157923633609314,-0.014718137864090479
-0.0108763854658778,0.01068604379811832,0.08775164190057416,-0.034306717698453934
-0.0008392992026856195,0.018609604278074867,0.1061556354507697,-0.017739294554455384
0.04519062830884631,0.08546817899960862,0.1602806507752548,0.038303067580249844
0.036144597995821835,0.09318110323858446,0.17440110290933436,0.06753635740661389
0.03919143976897697,0.08554193061840129,0.18068908744734416,0.06534150845122637
0.036037890526402584,0.07042555319148935,0.17780641460845126,0.05648891340799902
0.06669476260666456,0.09621623783783785,0.15872471354760112,0.0055534115649905555
0.0816240414120525,0.0687421841048437,0.14429532115670424,0.00808040961448925
0.07412858198506053,0.06985988140849445,0.14827711968917365,0.015283862340534702
0.024593455953726872,0.08392782207301722,0.11963590290025891,0.026833611074664795
0.014781237099675323,0.06737147316038669,0.11426104986498686,0.015581873459923533
0.014886859569534347,0.04410863704086909,0.09579942134590663,-0.0003910263776724897
0.024249611921096897,0.0629125206270627,0.10829121643813772,0.007429071068266936
0.01992106469583705,0.06486816176136412,0.11096790679849215,0.000967847464189059
0.01700875788822066,0.09446667566729818,0.12707184762369958,0.010293221585037154
0.02404690033052197,0.1076337469309845,0.1194699696629629,0.02444748632021345
-0.0005807007355787177,0.08420835960118353,0.10438504812834225,0.0019406559662460596
-0.007768537278363158,0.013288417821833388,0.09989233369446004,-0.01198992481125362
-0.00840993529415342,-0.0007883523536320836,0.09231929134290019,-0.02537483660130724
-0.013778362386539079,0.008733604431647396,0.09502262443438923,-0.029782378201940084
-0.009282518067733989,0.018286602697543123,0.08999999999999993,-0.007747452881126288
-0.015955420991926237,0.009664654641722786,0.1068107891891892,0.0019573106283029326
-0.011836635894680434,0.011925630032233478,0.08148760799231923,0.020907238246405613
-0.006004280340804172,0.0033235189316317064,0.07341558097854883,0.009838646202282565
0.01722452534742611,0.006000793650793784,0.0904322492656317,0.014444680851063959
0.018540394111629364,0.0029131286497135144,0.07048086357873713,0.008790779620839665
0.020464403778040076,0.014277332011004593,0.05901572270745907,0.001932051852088438
0.014054284598867919,0.00815063085873539,0.07157592821782185,0.012275935307872176
0.014651299368066016,0.004447882507210972,0.0696045702305484,-0.0005772945819262769
0.002704868728936148,-0.002306766628219963,0.09194199646417002,0.005034914892233006
-0.0017537022603274241,-0.021954963307465443,0.08331568865900427,-0.012148110062705168
-0.007504310034552492,-0.0009684098204840182,0.08315840157829488,-0.007122213529890018
0.00367937652361297,0.01448428263848105,0.027965173659864104,-0.002117770545201587
0.0036636713524167263,0.026627178961988567,0.02581783500915122,0.002890115495563932
0.019056746505163685,0.04171584022038567,0.05081377429905173,0.03337886004294366
0.014439738437422765,0.02849890689049392,0.047306657775657776,0.021519909983718107
0.017148342306422183,0.03125614438867241,0.041222878871343537,0.018522071444257254
0.03630685145422617,0.02569555740709264,0.03792762315043512,0.019980807300303768
0.03896855219199106,0.04423226812159008,0.047702793833712905,0.012278069744580145
0.028940766778284128,0.026168962359650463,0.032326790553619894,0.012146574533053229
0.0422670709369274,0.050542235680523476,0.0536026003650185,0.027656733706066864
0.018133793315712007,0.03933669418941978,0.05417564924358207,0.015257148238839653
0.042512830565815715,0.0573628285396953,0.06598100263887068,0.025004665049449454
0.03674936471397302,0.05371584624019721,0.05840265052025999,0.026251602240704896
0.03465812770766616,0.05838146210476059,0.05594002306805068,0.012534562211981562
0.03302856876282876,0.08061684559828226,0.05689194240374293,0.02708717895780405
0.04969056629699726,0.08530433946086308,0.08425332008031526,0.019115237575095523
0.043502322580645104,0.09222455750628751,0.10804464670189848,0.03435046592362507
0.05658625021943412,0.09414028999308915,0.12327415930425721,0.036774094301838714
0.029856180593482624,0.06856821058874595,0.1131444313262495,0.02185691795778695
0.02959981728485296,0.06946287852463233,0.09994140152254544,0.006609467667023982
0.015656308028399724,0.056828943799413834,0.08986134186093647,-0.014485073052727915
0.006322218093890686,0.049350141269542284,0.07631377806467458,-0.021773520249806437
0.015184030010718176,0.06045907818622871,0.10736558846453624,0.004596111012904368
0.013601836890976264,0.07594222479121601,0.10409851637293592,0.01827866968158545
0.004916575857478853,0.054930875576036806,0.10824944051606185,0.025811058866982282
0.009545713275587708,0.05955471022060437,0.10123408983351158,0.025130174567046634
0.04276841323046726,0.06972506826870568,0.1310875239444173,0.033960864544752306
0.057537174089672516,0.07801936780559114,0.13592609041059087,0.028232815820271595
0.06515887749342807,0.08028399781540149,0.14335255709624062,0.03686877511794525
0.03378493634401068,0.061235529963231096,0.14678899082568814,0.028716493981500776
0.01254787360495165,0.03787063236870315,0.12640550110874363,-0.011232131083462658
0.022715341604053814,0.03391623328181887,0.12926870039480215,-0.007966118644067856
0.022588005207704407,0.025460947753100132,0.12199813875116503,-0.015840883046848716
-0.006637151349120248,0.03181896765069824,0.10256894791403377,-0.006468102127659575
0.013728830508474572,0.06140200750317685,0.13513004621617092,0.02943206641762708
-0.0023592686215032537,0.061122063790606564,0.12142450991808097,0.01144715550054945
-0.026553208510638294,0.026566146590668523,0.07722733094744767,-0.02071922874249217
0.0008606540743770984,0.023227167931473947,0.08509053927971631,-0.0037690081166525174
0.008884332972566822,0.029104182134817316,0.10725664326808011,-0.012706938426568495
0.011301352352693398,0.03197625371308759,0.0886636129032258,-0.0023648648249178336
0.014562309654999368,0.036946243443420825,0.09870127648603803,0.03549575162608419
-0.0018391573007999018,0.015997328658860697,0.08683781176042236,0.026655183949950676
0.019256739539582155,0.02271186440677972,0.10250319751507413,0.021845910615510826
0.04773560146416508,0.009774148972025552,0.09084285454214455,0.014561411876711616
0.03233012786482786,0.021787217021276537,0.08435689876522943,0.01367777754681215
0.011007654716471724,0.02753877891699757,0.06645232225794934,0.0
0.00440228573650042,0.01349736910127068,0.047871382302219066,-0.016904209479615562
0.02144547413972508,0.03578767000727151,0.06215980575663197,0.009512750651293369
0.024623064914186504,0.04796983121414821,0.08131514937245889,0.018990488405638706
0.03115679482930063,0.04029426449934358,0.1041704207336441,0.04221105456932912
0.026368525579723825,0.03885133380318692,0.10234807129686202,0.03674983142279163
0.040479760794265664,0.09214897870517541,0.12116316857230601,0.03256731583510291
0.06951418644029837,0.09802228381694636,0.12352623179566312,0.04381232773622127
0.07400537761294679,0.07891617407140013,0.11031714690977443,0.023947251302679985
0.032236682683528486,0.05722990082577209,0.09103615236763941,0.015284536585365858
0.01749230071905507,0.050996301063892135,0.0898266662611335,-0.003522206268367158
-0.01992929894038424,0.021440518903843846,0.03778083859022585,-0.04494906953638436
-0.0053658861788617946,0.013755352999668482,0.03677962711864406,-0.03986816888821492
-0.010726833344970222,0.031208328812026946,0.0412875126390292,-0.010409961729820073
-0.035395427890224776,0.025987023587989846,0.04834042553191495,-0.010443476528165819
-0.04975667948134808,0.014070351523109629,0.041996610739986555,-0.00721546408658577
-0.020179356505114623,0.03135536075522588,0.045275944733913345,0.00016351153060361497
-0.0004820533264120648,0.028434401440423272,0.06523967242329894,0.006797183900353178
-0.005575614955723086,-0.008664361898458728,0.03888984133784212,-0.015424598149050174
-0.008337387880902058,-0.025072339680611816,0.0142116533320238,0.001982144004259266
-0.02330479004200044,-0.018699219512195133,0.01942562467186443,-0.013566557698594318
-0.005358045137197603,-0.019212312187196805,0.07116627157136343,-0.01527087309549708
0.024446629923247053,-0.02866089361506317,0.06655198395350016,0.022757272802725475
0.0202680287675711,-0.0202480147582486,0.0570702634558893,0.02901414441147384
0.004179424597000879,0.000480493281237932,0.05773789268984272,0.03512846843839173
0.03825857582880238,0.011568074821077391,0.06315430491127481,0.027750588565151443
0.031157253544345585,0.025746129878648785,0.04773865916685662,0.008545614317961891
0.047721658582325015,0.03367667267211611,0.04789526019224384,0.01297664251767514
0.005386908435746281,-0.00323678583530033,0.027870528300084452,-0.014086777427776894
-0.0009674459851660714,0.00600745250852411,0.032150591906556704,-0.01588310063346729
-0.0017622076822238909,0.02923686770338843,0.043718592232519386,-0.0038368985425563306
0.02064986360413216,0.042170611310885966,0.07484824679703309,0.008382065475249188
-0.0006353399084393843,0.011412940225252154,0.040171861789655795,0.021594382204903333
0.031175076437651106,0.06365437110247968,0.054438484696370276,0.040994206600939366
0.008382065475249188,0.05110448400923189,0.02475083534633822,0.023270694539067705
0.0560156031823348,0.07771339114211742,0.05756099186991876,0.02007532998981588
0.03679791860551832,0.048645120752370846,0.02849822331889561,0.02097902164586846
0.05151654547397622,0.05643336020638504,0.02615503605810613,0.01581390697674424
0.044698919218912045,0.06712597139141205,0.04551878897376836,0.044698919218912045
0.08391607069027555,0.0917239620341929,0.09224852806291678,0.04858542360723506
0.05286827906976745,0.0786214275511662,0.09109900092869541,0.05712960949967652
0.05912799746323707,0.07961630822727918,0.10741224991800602,0.030677687607342227
0.01706643577696127,0.04618064210026892,0.08141252514018393,-0.006905854873054218
0.03486931926741337,0.07939605455431065,0.07590228069425019,-0.025219854481811778
-0.0015262363336188314,0.05584246378054337,0.06218538723818807,-0.036666262013472915
-0.005554766468176407,0.06307168892518554,0.0941525752535089,-0.01910263614841759
-0.06598234894350503,-0.0009409818362918196,0.04118994769532528,-0.03703705103440511
-0.09188640306956838,-0.019866497770708764,-0.008680292696998817,-0.0723526591898619
-0.07492963238456438,-0.03147285271317824,0.030178133743043106,-0.045093199177413654
-0.044293286642682145,-0.008469212938181076,0.04220245631388076,-0.045591743526320706
-0.05565589399868108,-0.03474787769452843,0.040265138036955646,-0.014442731327429709
0.02705600816435366,0.04592160790540509,0.0968005908194774,0.08950874297093389
0.013285100038801284,0.024420117113253124,0.08223158658497248,0.07443575997381516
0.050078460752300505,0.004203542948453134,0.07161168124356562,0.05805121705075581
0.0844819064206878,-0.019354839561063226,0.07059381990405282,0.06530739192907611
0.06803265458567853,-0.017523235604580502,0.059720490148038166,-0.006995103229793184
0.06991455125095615,0.0016289056956745908,0.08137490138089376,0.007747258294967688
0.08649251491705184,0.031141299134049845,0.07876006642416573,0.019733891758616905
0.019645780037333426,0.030535482978242403,0.11235593440493581,0.024372085423388954
0.03143623220636625,0.05823914883030093,0.11733383017001005,0.03761993348890987
0.03498286791722023,0.045138965734872104,0.1110576454652921,0.023506860193773706
0.024820635084657684,0.0759811605026506,0.07496868177442541,0.004838029685354598
0.01034177142773131,0.09307615025380739,0.0713605553515752,-0.016056020550108865
-0.010940227837673422,0.07091405361110842,0.037209333333333344,-0.03365594249649239
-0.026242501484276367,0.05061684513418472,0.0417189473563033,-0.0405894103456848
-0.02685745068289435,0.06196239346865887,0.02506145410422123,-0.027283381568669614
-0.039144964358877654,-0.009971796101449784,0.03549189089327188,-0.013202891962445175
-0.02845588494341097,0.0020858014562365724,0.026556854085325987,0.005381165758410582
-0.020717799522646733,0.0034385409394309284,0.007656537942402975,0.01053906987470837
-0.01438958526096503,-0.006578872902760389,-0.02580637943429806,-0.0034497676151122704
-0.011808684250861514,-0.009142685714288275,-0.02650571188303867,-0.006163499977307676
-0.0022583710406014037,-0.02025431727164868,-0.01865840394873988,-0.014719074792772032
0.021748988203059344,-0.001319396002336832,0.029780815426127975,0.014898688249462683
0.019543040568687782,-0.010071551304289947,0.020156391990535812,0.020770589380776753
0.012488789399679163,-0.01632247509797157,0.040966066675819715,0.030101300406877963
0.01743143545449494,-0.013577956944476699,0.0309481138571291,0.030481425855504417
0.02031906922579558,-0.010942515159869926,0.0642072203421159,-0.00484442139557735
0.01588266501463226,-0.0037086483483964785,0.08902231519449702,-0.009731583603656628
0.021276641977213354,0.011659162581191047,0.08340001467264269,-0.006167371693608458
-0.00851441536196047,0.01686243652100075,0.06833280499315399,-0.010982574154596952
0.010026540843409126,0.027448658390540122,0.09111183643058045,0.010473506262376309
0.005286358451875387,0.029164192535967682,0.018901577053085802,0.019356684374229573
0.017279250003232428,0.03285755180322469,0.0350118875888608,0.026448005319148777
0.02817518766521323,0.03843852629148421,0.042009239677219805,0.031980988570017826
0.03648000080524111,0.04771220506585761,0.040819439630058504,0.016204394160583897
0.03058510638297862,0.055059732944188026,0.04541365339607839,0.0188431349524268
0.024281891852503866,0.043911319325999114,0.022767608260904966,-0.004174478131934812
0.020291956204379607,0.025983498562089116,0.024629820035622738,0.0027259972478909417
0.017528557077542528,0.027130698908876552,0.01678589937860461,0.0007183306892928187
0.0014394558595154886,0.02158593308622408,0.004911122132986139,-0.0025806451612904206
0.004017302898879612,0.024747429715222768,0.01083345323558631,0.01156407921364541
-0.002873107270893391,0.023897373891468107,0.01269336135550971,-0.006867863884216143
-0.008028645161290223,0.030226293613681236,0.02640554657139623,-0.006747085458105828
0.004191977450129943,0.026448005319148777,0.038415529494303984,-0.0014373868046571345
-0.023179310676481758,0.010808350447018795,0.02785304209132913,-0.02443563770638868
-0.005885787775722791,0.010948905109489052,0.03869809625612997,-0.0023052008468404744
-0.02069862009486834,-0.004820362325742851,0.024203248235263743,-0.015320204789125512
-0.04429845480286695,-0.037282337163058246,-0.00564979168451403,-0.037282337163058246
-0.045238536508368406,-0.04921090599186099,-0.01266397440417268,-0.029295445845705835
-0.03613238802912594,-0.041947981009222944,0.0037627933846239195,-0.036967480144404236
-0.023319461302440416,-0.02724017204301076,0.026319724303135353,-0.004109775610294004
-0.0033689176813644778,-0.01647873662908359,0.02670897963070679,0.017344558194283422
-0.027436851985559577,-0.036342839266602416,-0.011303654816339301,0.016296982780910577
-0.034639660999838284,-0.055842761651291276,-0.03022711589501607,-0.013795246249955177
-0.01764354146128336,-0.05562746873652433,-0.03524230646820288,-0.03168756172992081
0.011920945160145238,-0.04172627714805904,-0.018011465543835772,-0.01440333606109163
-0.011695876092491437,-0.050425007899437664,-0.027732659275222653,-0.02138075787322219
-0.029476787899094706,-0.04827292821873321,-0.019505746306983564,0.001216375302556206
-0.048647824093947425,-0.06823086126053172,-0.043587426122931594,-0.014763988497594601
-0.03830736565129513,-0.051267030229985217,-0.04101279181207001,-0.03414853964057663
-0.013227840043842528,-0.06281585559566787,-0.052554715328467144,-0.015323955980946383
-0.016894993161110754,-0.05195950617757995,-0.0565294048572802,-0.019134427308562713
-0.013569878126151937,-0.010914997499177554,-0.04779039804533752,0.02193726145818353
0.0006067819385960817,-0.004828731167741073,-0.053802010924046385,0.018218311790256722
0.01260443470324794,-0.00014997750337449481,-0.042091667259134075,0.027426778815815848
0.010350671542530351,-0.036109006222815196,-0.06236556272401433,0.012540734636366927
0.020534214321485854,-0.028512683296403895,-0.044521566926857575,-0.0007559183444922839
0.0057010013651463826,-0.030883460456821332,-0.06610390708404502,-0.010310842015656083
-0.012540595295903142,-0.03025692703011689,-0.08441005831696484,-0.04349131673665282
-0.029780830543285453,-0.02313541962566588,-0.0774759235302571,-0.01865446426133127
-0.05731613604167407,-0.07291977551207195,-0.11160338189754003,-0.059455372449481764
-0.07423515296940626,-0.06341987173904592,-0.11064693210506088,-0.05423620595539489
-0.04770646643099497,-0.05421410946739896,-0.09986996387136989,-0.023518344677302364
-0.04644476691209586,-0.02626299893729342,-0.09270191316104918,-0.01791837020878794
-0.053010512624966165,-0.045700110191451815,-0.09462423149073822,-0.005790526163439798
-0.01818751988378044,-0.035131015866532646,-0.09574008664259928,0.014417608942167554
-0.03583669367404186,-0.04195688446861027,-0.09173633164845145,-0.0064225755687632
-0.02975708636825112,-0.08813305855984706,-0.09808608394524902,-0.04299538383302206
-0.006155872347318929,-0.06974979847231831,-0.07424172661423244,-0.00744220987797752
-0.020552328525246067,-0.08518296340731862,-0.08532016538251125,-0.02587031341217364
-0.03775974992479369,-0.07262996719786033,-0.10611637748316513,-0.01987716516035608
-0.01439901287171958,-0.0783661143227266,-0.10464436942027681,0.009946916445623332
-0.02666876439905404,-0.06618655122659195,-0.09502594194583346,-0.0065199187129557695
-0.07676147257980813,-0.1042646300449142,-0.13136682977193997,-0.06344260655737705
-0.057194976790450935,-0.11389842630102845,-0.13439875803951706,-0.062324861918388735
-0.057375649792197204,-0.06980852725779402,-0.13763788063339927,-0.05072219470525917
-0.059836098360655746,-0.0709541875911226,-0.1298741538537913,-0.05906485547063405
-0.07238258623635326,-0.09666026166763415,-0.14563402112783658,-0.01522847864119584
-0.0861785977077675,-0.11676980988053003,-0.13996608342502312,-0.02110077406542596
-0.09401148328118972,-0.10661705053200042,-0.14744474976585223,-0.04513230001271653
-0.033957674882589266,-0.11865218969422213,-0.14961483360200822,-0.037663453798202386
-0.0050992967311288264,-0.08564962692873905,-0.12401291989552064,0.005687949011302796
-0.04668858562377363,-0.0860410974801061,-0.16659109095718547,-0.009699964422488386
-0.05074104797701997,-0.11263242420969596,-0.17452613379193932,-0.014125352877121519
-0.04479196746505405,-0.11901636065573776,-0.19406115776844643,-0.026272821639297426
-0.00215554166177624,-0.08408908214050843,-0.15061166206080545,-0.018204364856685595
0.0018109199237427908,-0.09192380472501,-0.16308620765767648,0.003446381218095756
0.007247708049424012,-0.08794095015683423,-0.14830699318095572,0.021124192158783896
-0.011841675085129968,-0.021354821961231955,-0.12339289939468329,0.040379566789000114
0.0310175760744137,-0.0005275013280727604,-0.11436584605796202,0.023222340652067405
0.047942690079770194,-0.013487860505348084,-0.08235482008540518,0.03127257772957338
0.07126903344737508,0.0038361291660376504,-0.06739024785355575,0.03561791689152719
0.036363655020047805,0.02328478575488035,-0.07562618939669534,0.02969057413700597
0.0318149313087491,0.025327897443071592,-0.09439944620655946,0.004222413793103394
0.014031282604784971,0.020825751162155837,-0.08801167953386702,-0.011919369183512163
-0.008942944017170454,0.00398624758083428,-0.11513891911751713,-0.037519541427827055
-0.026213969035890287,-0.021739200362700606,-0.10552687289064525,-0.03856178565224945
-0.0320770908339542,0.0016325049585978314,-0.08454905503978774,-0.03258586080638184
-0.03612989404203584,0.019287344219091493,-0.09551746032656762,-0.015611087734807358
-0.039777679346882124,0.028656437340661055,-0.09377050819672136,-0.0023461649521746984
-0.04169588151030548,-0.015301494424869375,-0.09810388794381243,-0.01174339699163131
-0.03477025074987146,-0.016449746926970422,-0.10686142832768976,-0.014668616177678208
-0.033748402815376284,-0.03687711818672435,-0.12157505953117217,-0.035141483685655665
-0.03884366897357429,-0.04847073868717575,-0.06879047665341367,-0.03762659257645783
-0.01014127109487026,-0.038353272343420244,-0.03886054226939591,-0.000731279694126582
-0.019463001641268646,-0.04627518047809261,-0.05913888780429238,0.0
-0.026953654612041508,-0.06565918012853923,-0.06207492805841079,0.004669405964336833
-0.02632546569788906,-0.0748654160152857,-0.05332385543277125,0.0011277631366962333
-0.008821907737548188,-0.05518573737961678,-0.0312555786332164,-0.013355287230149962
0.00429583480956615,-0.04612380780776663,-0.026258619589666438,-0.011762543650064208
-0.015225601217563835,-0.054502815376285756,-0.05073382951139385,-0.02602717928932542
-0.02780828759604818,-0.039927715986547936,-0.060798919731391975,-0.0022530793185534847
-0.022054787722844943,-0.03639989068453657,-0.03482680872797366,-0.013350658260708258
0.005577226146547326,-0.025229806263117337,-0.006429078002003579,0.005951273944578767
0.02215548337046496,-0.015195369305270724,0.013025622887025634,0.03912960563331939
0.0899313740033376,0.0745886275212316,0.05814581562818744,0.10613474042406348
0.07773853449879109,0.06506158794339283,0.047541594360086765,0.08908103907312602
0.09887385185863426,0.07527080546748596,0.03561791689152719,0.06433721575152518
0.06925105512327911,0.06804509270591931,0.01627615811125029,0.04371787369062957
0.06934792462597109,0.04098064398097337,0.0010556298381421045,-0.03198361742061268
0.05934551673137357,0.05311521779084733,0.004382121023350062,-0.011216600324131153
0.03912566199716499,0.05168244930874799,-0.01737015806843842,-0.01737015806843842
-0.043041834689381275,0.0561397317363774,-0.022928608650338723,-0.010031678986272444
0.000862795498484973,0.07546819951789357,0.016117693899169793,0.019332125858273246
0.0,0.07067137809187274,0.021287937223486562,0.004712059419058639
0.025519183386131693,0.1122351806114751,0.05161523190759803,0.03005126392080613
0.023198575634496513,0.09559657688363901,0.05185190792599494,0.03502224000000006
0.027399651438039296,0.10637098489703029,0.06609920199023532,0.014999982758620689
0.04454657945907731,0.0924385283786282,0.0648765159532704,0.02640264026402646
0.08711114666666668,0.12325501695912963,0.10618674215243754,0.04942512442079968
0.053275862068965577,0.039299099001345796,0.11681899237990878,0.04929575662494406
0.04759425047767934,0.040724762023731445,0.10843596765300503,0.024460710454572963
0.019564098163720497,0.03196109084592663,0.10963763336500498,0.005415467930275734
0.028512538156775305,0.05385429426258359,0.12556390741421225,-0.0207686174728171
0.014098896111752955,0.049209119535707564,0.09220638492499093,-0.022753298412178803
0.005753934675918028,0.037172792969856774,0.09226245175519213,-0.014591294734019322
-0.041864299530194576,0.035707972423546105,0.0892358972069922,-0.013802390170004935
-0.02439027664102151,0.05955551999999999,0.11903868265259784,-0.0046760687261845684
-0.019897197481392893,0.019137948275862016,0.09605045429260146,-0.009882746903136624
0.014812337990237335,0.047246847316310514,0.12125722521852321,0.01447082281675916
0.019706078495222466,0.047880573193753155,0.1654896385854101,0.042157381805768834
0.019430485436675228,0.04534524140595589,0.14527666814596654,0.02114099064231508
0.020696617869762693,0.030405996779446127,0.14001129750068203,0.026222280050375905
0.03157533708824026,0.022846488407513906,0.11739691255315209,0.0024879415742587838
0.013087299096889243,-0.01259200285880613,0.10911098657441194,-0.011136586781254716
0.013534071840059683,-0.01931576362743504,0.01922424326682959,-0.015609611968294256
-0.005971155979911112,-0.00630079578343897,0.03416736783145179,-0.012034289482360648
-0.038650507064354606,-0.011950833193065079,0.019628295987493487,-0.02878884892105971
-0.05126518154345742,-0.035738125655675974,0.016191517071453655,-0.04372306982903169
-0.04121332014507089,-0.025795661209452973,0.02214407655029601,-0.029210482390252045
-0.06419586472858811,-0.04829209153626115,-0.012914450487163184,-0.05623225429667946
-0.06873138342611163,-0.040279911247653295,-0.0060102527841612765,-0.042078380884525084
-0.03922548823234847,-0.034228138732487874,0.02328890666666666,-0.003117440141411793
-0.03220423827799099,-0.018778565068878903,0.0,-0.0027510316368637654
-0.009710391657403894,-0.03582683636047703,0.00972730588848358,0.02775813246537956
0.020090058188775326,-0.035375023986652064,0.010811772781877423,0.04748358527476443
0.020632754470426416,-0.024646729795485874,0.019580899698026344,0.031271715926481605
0.05551626493075912,-0.015825898450379104,0.014098896111752955,0.029310362068965524
-0.017784101013693758,-0.08620117614495665,-0.06532408190895256,-0.0498881980063961
-0.023627518700008353,-0.0692282201187774,-0.08094850103193783,-0.04584042289166646
-0.03137931034482759,-0.06226005675179431,-0.080373219839581,-0.05357144451530581
-0.03836227355303158,-0.06724508593358917,-0.07312218416312079,-0.06365157347317296
-0.06129033747740796,-0.058091992196047895,-0.06934857768052517,0.001086384211479264
-0.05879383324134373,-0.03238661127860711,-0.06696730015084669,-0.005871921603702469
-0.05728646470206933,-0.032324638927097665,-0.05728646470206933,0.0017799750800996234
0.014665960528698167,-0.009193776357960162,-0.05704188120477879,0.0025044542932215995
-0.013167295139371918,-0.013693775564645093,-0.0534221027479092,0.003074660823392041
-0.00017803488786044975,-0.024148766084976268,-0.057550337501689176,0.005369590216029889
0.03864041006653272,0.0010344999999999957,-0.01776349149444266,0.03162761250226752
0.07089885927113669,0.018579012238448152,-0.017913451353235063,0.05656670134606184
0.05673889487630019,0.0023768929583397294,-0.03308221367372731,0.06455106499370822
0.055970168016527565,0.0011792284167920215,-0.023496565502849683,0.05803813630187418
0.07155599444047125,0.0058626129671254,-0.010056066600725303,0.03427485300938937
0.09304003052722731,0.09759187036031149,0.0029781602081098597,0.02381354541147681
0.06515941125723382,0.0645907639752533,-0.009108959769642927,0.013380775518618365
0.023251790849951878,0.057493770024919844,-0.008345852111500584,-0.0003365303718661135
0.000844435075906684,0.06010726081906048,-0.011179743033539073,-0.013155720452218436
0.017615192791070648,0.08663412757037216,0.02350938631159478,-0.008907901829559575
-0.0018509170452633255,0.06175051121801524,0.027364010136335003,-0.00852418490642872
-0.01215651976946743,0.054015654833256196,0.019944979367262788,-0.0015148964820736628
-0.016661135213809606,0.06370449565124027,0.05392503440726596,0.005906226996497601
0.006852749227720176,0.08618829942640269,0.071314280633114,0.002663115756886902
0.07389326712674639,0.13583765838838022,0.10840858046545204,0.07552257248819959
0.09129261192347667,0.11384769008185182,0.1149999655172415,0.09018877275792324
0.04976694241787808,0.06519170858286953,0.08498191837292417,0.058043934607550224
0.07552257248819959,0.08062327099215333,0.08319179683559262,0.05909689378828379
0.06186786918408625,0.059902439845195984,0.06115230692128863,-0.012695877941941703
0.04864950430046137,0.04096584581125477,0.047068625677242494,-0.03340034122159712
0.04349267783888852,0.036951534756706234,0.13814957450660872,-0.0033296178848898584
-0.012539169475535567,0.052983417917987025,0.12099642133458324,-0.012539169475535567
-0.014999180918484121,0.07221008247769742,0.1338554823780705,0.011271614184105017
0.008720453464404625,0.07357409968187978,0.13810369810004658,0.017757175420162336
0.019278997167382465,0.0823900937952699,0.1761620152620364,0.034521125763265686
0.03381490605445607,0.09777483142279159,0.16556298846541948,0.03365084126984122
0.05135183334992257,0.10788943020903567,0.1677328032646198,0.03171114549904004
0.051065843921955976,0.10837106008436398,0.1789792794614689,0.03850991887000805
0.03158726984126984,0.07885119260122207,0.17183554222566783,-0.0006151161097204342
0.015070690501245054,0.013479702405637985,0.15114841200457227,-0.007063866382192831
0.03269409042273006,0.015926999100881207,0.1315879412403041,-0.0003043822230008812
0.0026141473568220804,0.033771951799587696,0.10116531162245067,-0.01316789768427421
0.02119159914657871,0.04231976555360135,0.12635499447230708,0.02323437523417065
0.006238526989675589,0.04984910144946505,0.11273762409557468,0.022734192840445887
-0.005146011805660614,0.05151183975401812,0.09458791165009006,0.0004567123496215715
0.013232805454156183,0.04756597124457575,0.08627514164096241,0.009969340949509601
0.004484889917420907,0.030952333333333273,0.08557571166385713,-0.023308315789473743
0.0004567123496215715,0.031868162765020934,0.1063794479043932,-0.006048601514377909
0.0154908289336271,0.040710469046062014,0.11727980483563284,0.007302540363492756
-0.024360947368421006,-0.002306658500794389,0.0798933894842414,-0.014730463621274467
-0.008165749652158667,0.007217336891093239,0.10569784221173295,0.009853718699940867
-0.009280389048514108,-0.009129610329738117,0.09777483142279159,-0.009280389048514108
0.004859529380699562,0.0015135159679130253,0.11004859738217435,-0.0006041534602649597
0.0038491148814063843,0.0032312510611247638,0.08233723166211049,0.0049321827188122894
-0.009888954363808612,0.006495483668698699,0.020062743261171422,-0.007775484541880534
-0.005588325110834045,0.002130882897909464,0.018091820568789756,0.01105640305329842
0.020807738323415665,0.01579763876369504,0.05010310765815754,0.0009068309175404485
-0.007013249398582008,-0.020601548872180405,0.020846363963109207,-0.0010736196813014144
-0.006910395873292423,-0.022077711571648735,0.026670835793909164,-0.006299999806391932
-0.027958259874815372,-0.02145143672060997,0.02895540006256263,-0.02308621039405905
-0.00598158002982735,-0.015793470487273305,0.03102126899425274,-0.02144050937156085
-0.006607252409119358,-0.004618860875389965,0.026190507936507946,-0.007369799203276524
-0.02870587962976181,-0.02708050994611998,0.003924646720178231,-0.01113340068450298
-0.03880421083477831,-0.03851380514293619,0.0006287488310082592,-0.010261194029850694
-0.0039919240284934454,-0.0001540382315370029,-0.00246034141873517,0.0009258602353298
0.0017009587660725906,-0.012349398527177768,-0.0052211914056575414,0.0020107810669519085
-0.007462686567164021,-0.019656064819284384,-0.028606222936606363,-0.001720109433618256
-0.019750023754050983,-0.03989722048956402,-0.03844408960193729,-0.002042114357524349
0.010672760690711172,0.0021472240251790673,0.005385413306213663,0.007245151507084135
0.014229866861143546,-0.0033804700866480668,0.003093055793810285,0.0012349799511419141
0.01382345271756216,-0.01974476122386149,-0.01765595209996726,0.01096492794486216
0.006782718971047314,-0.013891060823294894,0.0016871319794692155,0.02801824379062239
-0.008335921709415335,-0.013664963012358238,-0.03398499248120301,-0.016834987256503647
-0.006892199248120344,-0.019638101736140553,-0.041282248961844084,-0.02251000582007386
0.0042499607154094735,-0.008084592661691443,-0.02936260325440723,-0.011465788480542539
-0.03137427495404197,-0.023453125241571473,-0.03887618948750769,-0.030929368578452517
-0.01588034203083032,-0.012683680968795644,-0.01724395768640291,-0.006382254246022853
-0.012705298842496148,-0.003596559756113168,-0.03057967302998591,0.005047302679895858
-0.007808835027065678,0.01790768143261086,-0.02129581666358268,0.015674044132822074
0.008872976614974258,-0.0009250038110835892,-0.0010788995566693679,0.024016384515462348
0.031545740329787374,0.00957090166055725,-0.002896691745491167,0.024596583907360685
0.025862038022915902,0.025219251253132718,0.005067475196522937,0.027149968186597997
0.033180565125919444,0.029277507150598358,-0.011787804497137866,0.009104876121687823
0.03587656162066228,0.011937665254831017,0.014110522121649803,0.02021300787572936
0.04362835775850029,0.025285213917896843,0.021819267921964827,0.016819540770044616
0.025462869191533715,0.02959398776581972,0.00926490031986024,0.015278839508579351
0.03379111352541636,0.025876619993159503,0.011626105467638339,0.02462151742807026
0.02813449455246193,0.04669987692091771,0.03239676181775345,0.01693882258293308
0.02444623488676413,0.057570991874732164,0.036802305143105105,0.008270721804511336
0.019727802717966147,0.04514108221224278,0.03669154228855743,0.0034612943624363238
0.0015123713772366189,0.046294832575528,0.02175594882752509,-0.011641776119403039
-0.006616571428571532,0.034936486450368474,0.02180968223326571,-0.017549078451787086
0.001805914302750036,0.04472691392456177,0.04096949114981238,-0.007158881111459616
-0.003134313432835765,0.030709844257260293,0.049167467797675266,0.001649685062987356
0.0037180250957175817,0.04135164454101676,0.04038839030113816,0.01917845032953116
0.0,0.025229372317144626,0.03504174181910685,0.014986452164288754
-0.0007498950209958577,0.01802903062012374,0.04370296052631578,0.0009012618296531449
0.014346073477105663,0.027221272782096288,0.057295750941220865,0.0056894294701388464
0.016348789474683455,0.015426436081680248,0.027548256966529412,-0.005185938811259067
0.007811266336187565,0.008872120300751869,0.03438166767835854,0.000596465297697235
0.005839182424926196,0.010985749179191245,0.040904849071818315,0.008254585393422782
0.0,0.007313402985074626,0.03337926912813574,0.004764031703558978
0.03206553174949138,0.0291493018783254,0.07721044760929159,0.030682127356004178
0.03451903202096803,0.028038731034807005,0.08722394046612185,0.02742590713524573
0.02441566248074008,0.03194358128374304,0.07852663132486873,0.024263143792795268
0.009085508029274722,0.023104786724482285,0.07046925153311348,0.0038524523293066337
-0.003130108995683891,0.012412943155099854,0.04778309422581567,-0.03352601301413342
-0.0007443137838643017,0.008412152621301036,0.053515316172076006,-0.026113491948353454
-0.007112105707870963,0.003293921196377828,0.03410492126057457,-0.02615893114834843
-0.021387226360717906,0.003407956835322419,0.04490052599600456,-0.000442789667896733
-0.01566809807050642,0.011931319376674682,0.0374617113926082,0.014503604119479794
-0.0315361003207701,0.0001501125686678339,0.018181849572888552,-0.007299240606252372
-0.042214036900368956,-0.033943711000259426,-0.007646429234537838,-0.0316371129193519
-0.03169849125441801,-0.035448272794880484,-0.020568677227676427,-0.04370937620039309
-0.029048072205336103,-0.028469162526108847,-0.019849624060150273,-0.03935148236850342
0.005521489165154822,0.0029770318547186095,0.013995485959164255,0.011104411931338713
-0.002362714082062746,0.001037190725653795,0.008358179104477509,0.04114654093306412
0.00987470920780284,-0.009826590021383854,0.01903627361797369,0.058060452190844644
0.04831935846817755,0.013491962860873204,0.04190899141346784,0.07180118134397039
0.06426258382281667,0.0036331929554771973,0.035692831433713046,0.024933230555056123
0.04586165701477273,-0.00029515867158676895,0.022802808474738624,0.0025163559063456947
0.03973606934642523,0.013307416864866195,0.02588554422905085,-0.010945709761195698
0.006084951294966675,0.00983172991948742,0.018326588553402592,-0.029630689527187285
-0.004440438260522049,0.0037307863384334772,0.007036996451010628,-0.026064234754249387
-0.005399810510791513,0.006349689805822719,0.009779286109921069,0.0062010775342798115
-0.011022115502116835,0.018275579020650818,0.03042495016741454,0.01947763108208483
0.007240081298583299,0.04381751266232747,0.04397420279037368,0.026110001089983598
0.015207425872991674,0.05963943688764731,0.02367134207745537,0.022301515839978713
0.01947763108208483,0.06686216594001956,0.029043744847240704,0.013793015002405996
0.03068302064193793,0.07195463332310509,0.0414369826464142,0.011289724202618244
0.050550132305972884,0.04867923932973754,0.05180119083060425,0.015813772737601397
0.03257521547835019,0.04159273361731011,0.042673063940526376,0.023414789894857724
0.015342394867123764,0.023788748852397016,0.01372839654891899,0.015342394867123764
0.019120198939626337,0.014743744421074461,0.02843462933410701,0.014598482269995125
0.035049388160285494,0.03055314308002172,0.03429734149970494,0.007217576721337379
0.045303302666278876,0.06629260004609774,0.06597787453874533,0.026289582508615204
0.035351265120168986,0.06743395606170671,0.08163874469073311,0.031218730400036178
0.013020067193882306,0.05590796495194017,0.06628936688318324,0.009733432215170297
0.018473709600381995,0.06556639709882861,0.06954179765581871,0.007025432261498728
0.020812529698858686,0.050770343337627435,0.0574424090749792,-0.008446413618853307
0.01199039373663973,0.03835579900742794,0.05733235246373921,-0.0082941392476715
0.016720570934960405,0.04025306326202028,0.08583436503352879,0.010896884300170929
0.0045693989951621225,0.05511926832113827,0.1180459873331174,0.012278568781319025
0.00635895805136628,0.05369817940067625,0.12415072192246078,0.016617818508339457
0.030175970098464188,0.05538850484949891,0.13132859772936473,0.027878450735390317
0.03264970092506481,0.04741010204301714,0.098397229076754,0.022802666904330242
0.021645063236348842,0.03964758961286393,0.08288937486351033,0.008408007922480677
0.024254321835916366,0.047469720670856086,0.07238771478638553,0.009340658955741973
0.0006910309467796137,0.021441741027531932,0.03650161699825919,-0.01803626303325909
-0.015162039345470566,0.003934228015574617,0.03460757412706562,-0.034589986904743006
-0.021016565067998694,-0.013154306104205022,0.052266260788442716,-0.025833883223953857
-0.018714361776901636,0.0002765413478872408,0.06772914568669662,-0.015242269383140874
-0.017024752951634834,0.016345319465065213,0.07316711796478652,0.004695428548795541
-0.0024603743870763636,0.018278289891957154,0.08504312860412934,0.021413660801133418
-0.013473121387869248,0.01228874441713809,0.06368299152801198,0.017118016716066317
0.02002481590803387,0.029551199597189798,0.06904045847679594,0.0207296846223095
0.03177052617650915,0.018794914057560605,0.059804530184144104,0.013333347079037751
0.04251446790435532,0.02412129466073213,0.08057011109452852,0.01808714642009548
0.02957433624137185,0.023351606180565625,0.07830372431921984,0.027727990832611144
0.02694156701030923,0.013154339928243507,0.06927144399864989,0.011508231634061302
0.03699639475213519,0.022564490675192884,0.07104437752366963,0.026587072346892813
0.038764037488316715,0.029250941539040964,0.07005826047783467,0.013458949658454252
0.027213674150911537,0.03252585604820948,0.08153957002025454,0.018389302013422777
0.03269120954027126,0.05137402008705872,0.07391730954884058,0.019006799879625308
0.03310900270084775,0.07431777778801033,0.07854438888701377,0.01427063953488363
0.03570475167785236,0.08264357019686695,0.06840214527274799,0.024701207515224095
0.03533662207651754,0.06896070938418039,0.06925632121959199,0.019506984861988243
0.025766345137420665,0.06707899656357393,0.08452074365686676,0.019703140143299887
0.027357210065449705,0.06001641298918555,0.07939170027603447,0.007816557899516428
0.022538538716019248,0.0702166387147644,0.08336825745889874,0.005443208634359227
0.0211480502225686,0.05253177562236972,0.08363535220617095,0.005042016937091589
0.002084366803429821,0.043407446508309334,0.06301819979245177,-0.00914593620298602
0.012052772832930369,0.05100932499289395,0.07636103061222473,0.009436336486086685
0.014867511696638967,0.053691275167785234,0.07829665886140136,0.011858700390340373
0.014685045009083287,0.054343435341232,0.0682126272908226,0.01324927999097715
0.03490171878358683,0.057875237843551613,0.08174565378338988,0.04082163392671937
0.04524354098366749,0.0768923342539574,0.10839244896706127,0.03841721287833079
0.05016723823429997,0.07605108437915847,0.1110505670501947,0.039999987261146536
0.0513521204199718,0.06226200166538814,0.116834671076665,0.026659973085945317
0.03662442241641294,0.054585655169732746,0.13296011754906023,0.011116650290198649
0.0359235668789808,0.05391389041400247,0.14101309699788522,0.002836404135474293
0.018915895096454003,0.03762125501283142,0.10917635283061983,-0.016903442147273948
-0.054833875963873825,-0.02524795923926155,0.0401374295532647,-0.06430078900825552
-0.06881236003513921,-0.02391415429273323,0.03466701693613254,-0.06720191725269609
-0.06063200711210195,-0.011472028577673746,0.05793908285112667,-0.05693553861288719
-0.05181158457481435,-0.01363516886120827,0.03818032712997134,-0.04460505744816694
-0.0554663145941809,-0.0059802263645406025,0.037167633787742356,0.010440082210653547
-0.08152973438268553,-0.043539431094349046,0.005248976907847542,-0.010859488521798652
-0.08734116403336248,-0.06687898089171974,-0.016778523489932886,-0.04485593832687612
-0.03951365242536414,-0.07731366296738587,-0.02717171767061581,-0.052164840897235255
-0.04317311500004993,-0.0975518135786113,-0.045322410147991626,-0.055061457691099325
-0.059329806771944056,-0.11037116095060599,-0.04196552289645992,-0.03414115586715346
-0.06259784820031303,-0.11954926653049076,-0.052590033507709154,-0.018703112627986306
-0.06526285724905646,-0.11623595463450151,-0.061211036170144686,-0.016648307649972625
-0.0575713333091088,-0.13045087574246597,-0.08298596709260113,-0.025743958477508606
-0.0359043959044369,-0.13157891047712736,-0.08475895102338257,-0.021070086236070033
-0.012933434232251058,-0.1061550434548955,-0.0725274744027789,-0.00194767676464988
0.004982712802768123,-0.04043870861474067,-0.06466567298720888,0.015950748342650794
-0.002356501280239923,-0.04688121978860501,-0.069674249357882,0.022446398955056006
0.02072907710332812,-0.043291158083422786,-0.054266549258402914,0.03894080831460741
0.02588497235364523,-0.043818466353677796,-0.05685616302691449,0.022024003959408994
0.051569797578772524,-0.03191213748250236,-0.03770152204112125,0.019418757479427756
0.04715369383374282,-0.009907684833105381,-0.05301574096635891,0.027511407148653504
0.03136325707731411,0.010102361774744027,-0.05745225477707006,0.008450251801134626
0.02602945839375492,0.025041276829939365,-0.05420841897454945,0.01609383524277151
0.024732513203661117,0.020761245674740483,-0.07881586507159286,-0.0036476224120895813
0.013356889190804619,0.030634863191500685,-0.08311750317511422,0.005409073917879986
0.021958537915984913,0.04243187433633315,-0.0821900916485802,0.012704446890240582
0.0033774656867386794,0.039177220663534164,-0.08161253561471976,-0.0030872885906039786
0.005138674988722407,0.05597390333817152,-0.08177881711348307,0.007864433898304993
0.0025679416831448877,0.0504106039191192,-0.08780127889817987,-0.0022864560130854686
-0.009798697986577133,0.028296613557195857,-0.08086225813949016,-0.01548115574536238
-0.0006780067796610684,0.015011651080957833,-0.02603410931767185,-0.0076747007274015015
0.004035023645864809,0.037237751323638366,-0.011389219669203551,0.004305125674556116
-0.003736794341385375,0.01744580820038952,-0.0266005991237294,0.00633596656780795
-0.013195045638685024,-0.00040915166393875414,-0.0442096896191967,-0.006506656086755701
-0.015202542305864557,-0.011078087452502968,-0.04263669948517787,-0.006784260791760955
-0.019007859261256446,-0.015956728165925315,-0.025706318765395173,-0.025184259204708355
-0.022908974769241353,-0.02581424586604269,-0.015972668941979615,-0.03442732660609985
-0.03134325772089235,-0.04174497986577177,-0.01774905063291144,-0.025924436813693053
-0.05666448609070357,-0.04515256949152533,-0.0253287474048442,-0.03797812997178114
-0.0722036149443104,-0.06845993459206279,-0.039922332130889034,-0.04823409570842779
-0.06549328604866582,-0.08594691044975318,-0.04716192461722005,-0.04980582547708578
-0.07336059043827561,-0.08671058651045872,-0.05093044562850927,-0.04986688681701774
-0.06170122557515015,-0.08139382264512773,-0.029975849268018873,-0.03038908066995405
-0.05979474029426345,-0.08641147209490432,-0.04035692266962936,-0.021513210467420957
-0.052248144729628056,-0.08282490508980234,-0.05687195586484403,-0.01211847020348868
-0.03493324438890229,-0.0778832867523726,-0.06404079239717957,0.0019165118113958339
-0.019491740701942217,-0.09028798150601523,-0.05641235158521112,-0.005418790354698203
-0.037377691265226685,-0.11681181200772096,-0.10140388027515809,-0.027150613567239742
-0.03022265869902215,-0.10246966704230226,-0.1028368930714674,-0.027786061023584878
-0.02914466943679949,-0.09439885632782188,-0.10443118499450897,-0.024573249331566245
0.022723934899982208,-0.04754705431690495,-0.06274508706200493,0.020615430975383132
0.02512558231595724,-0.03773586188302265,-0.06257598493244997,0.05202489003488533
0.017215980241553665,-0.031657123289776205,-0.07208057718120801,0.05092730390585745
0.023855027309378496,-0.012638441142812913,-0.05722035254237283,0.04887611934113562
0.0489914151372667,-0.001443805906907126,-0.06980489764101942,-0.0021641033664435024
0.05776836512265665,0.01591479094509527,-0.07139994661684256,0.003171871349886462
0.04721672880952291,0.023440895667377597,-0.06530226465472991,0.004195009584623643
-0.014283624708804638,0.0005858377355862222,-0.08085566848229064,-0.017402545914030725
-0.022491320321635998,0.000442762303796475,-0.08600696953356703,-0.019664559302223245
-0.021408868280436963,-0.0001478273634154687,-0.08296048866587323,-0.02773785490836854
-0.02991517373673495,-0.007504443900889405,-0.08480325989701194,-0.0283780042747914
0.0015904134418500452,0.020026401412080654,-0.07206972345426055,0.013905108313817484
0.006611080580308269,0.06233885939632939,-0.06175486773597135,0.03303831712219835
0.03269956878996164,0.08984498464343246,-0.02183106806070308,0.059719140880439385
0.05840161007025762,0.09081304735536191,-0.012158456782450457,0.07205339089933535
0.07374630942125474,0.05035355793835128,0.0004123402671021162,0.050960100373614856
0.06858830543715287,0.04224336732636447,0.002913415568440335,0.03212449982689178
0.07412898772997722,0.048025461363754914,0.014847990122537935,0.010601129568945879
0.03868918891392463,0.03480509182806104,0.02172676858070898,-0.00497857848094529
0.024414605590882217,0.037449332709697344,0.03595145723501423,-0.014423117537508945
0.005021634676478275,0.03549871987643822,0.0519784655271855,-0.0033199335548494448
0.00069150880076091,0.04235095195479536,0.06678459186835943,-0.0012421808657907785
-0.007554985952404477,0.05752341920374718,0.0581429563289829,0.004169604065445671
0.0012449301252603288,0.06755153093429803,0.06802420250955594,0.008780445993031401
-0.002070310644733255,0.06873615465672867,0.06857816620879897,0.003469812485642783
0.010006963586113986,0.07739067801589392,0.06930546011338244,0.004284093362574855
0.032613184668989534,0.06958278055071947,0.09100267465747754,0.025467072664359852
0.016655058293335478,0.04583093880881007,0.11102684665554365,0.012019936944733458
0.0041459783838311975,0.013530505969298114,0.10459113871376004,0.004979266736683218
0.0071971903114187346,0.006361485447697157,0.09775223868227124,0.0013760699429219308
0.008151478646786808,0.002335137266409076,0.05280627767439849,-0.015116683229406612
0.013692917827403131,0.013833171754970649,0.05666089883706903,0.000546088737201416
-0.01376083703759012,-0.010766032191830036,0.0367423855088552,-0.013625185046783013
-0.038871604204162774,-0.010284892715144935,0.02416223247752373,-0.02143737892417403
-0.025119399317406133,-0.004738620209059224,0.03253325433584417,-0.021378607354000115
-0.007707211246506418,0.0006938931008787823,0.036217245294129286,-0.01623690795146809
-0.016490271395778817,-0.010917647720872803,0.03097093145983649,-0.0013952560735387988
-0.0009592846243759227,0.008996567474048452,0.06703750000000011,0.023732664284969368
0.0028653158293720895,0.015473929903589204,0.0840707484924447,0.029267551924517455
0.02441746963631839,0.01549093988281028,0.08529188217910187,0.018307906194394173
0.016430248791325035,-0.003990656501738223,0.07309118190175765,0.011317549252480227
-0.008962427729313629,-0.04481035469349999,0.021654396780181755,-0.02921817478139434
-0.006241276178676159,-0.02184297610921501,0.022986878598131328,-0.02517004081632652
-0.0018163755763586182,-0.01679055784252357,-0.0034872366163415645,-0.026968074828877
-0.0417009727928403,-0.03998895313957491,-0.033881856835343796,-0.03481619376137866
-0.06054417687074825,-0.0537206789951941,-0.051510986888283504,-0.02430399989984456
-0.056524123032528586,-0.05485064736184135,-0.04177623403269838,-0.03321709607209777
-0.04476372111482679,-0.03530067072138056,-0.04568665475583102,-0.03219488991615655
-0.019499760611831035,-0.025558208475750622,-0.035580237758731155,-0.006727769729061324
-0.03712496756106163,-0.033888893214457746,-0.03846692682926829,-0.0008690079274870395
-0.03373464351246803,-0.04257973765824509,-0.04191539034356459,-0.0034646746123000397
-0.011308345100081,-0.034930836942853156,-0.04546712209138864,-0.0010124240817534567
-0.0075308324027154655,-0.05994516982317774,-0.0514879031141868,-0.01239371685248186
-0.012126418888108177,-0.0689795918367346,-0.05457304730200522,-0.00811708966856316
-0.01981489759639712,-0.07695452402491215,-0.06265568204748208,-0.01825296274450185
-0.016140683328155107,-0.05678364424358845,-0.060547696726233606,-0.011582496018531774
-0.006232787541173821,-0.031227908629132915,-0.07463892966062526,0.0004377498969464373
-0.013762089146198747,-0.049825539432643805,-0.07058017747440282,-0.005114686540990992
-0.007818169972491525,-0.04073352349570207,-0.05684014275584126,0.011214431660665413
-0.0021888516297804213,-0.02118528455217162,-0.06032706034054117,0.0016112495215138127
-0.005260850504165039,-0.014192656877944097,-0.06715089670890924,-0.00714699554104421
-0.0017706212972091906,-0.02338667634127374,-0.07695454936615437,-0.006316098521853637
-0.007177354936752083,-0.019670234591701388,-0.05427653283874799,-0.010944112227405694
0.007147097641397404,-0.004899783901135368,-0.030332762678454646,0.009798274779099518
0.015716803298566406,0.0023192347389254992,-0.031648254773938955,0.01586604965476726
0.016489202050039384,0.009126539318072379,-0.033841803990063896,0.029711780348506123
0.011260676130184643,0.001158274214565042,-0.03381302221601219,0.02021249660980368
0.013809343323049905,0.0070042756019885015,-0.05336076671163878,-0.0005793048263879688
0.011382054356776014,-0.00014616396317404743,-0.06911567346938767,-0.010556818205153399
0.025818825993196015,0.02597022396208753,-0.052982826286647446,-0.0018662789626023714
0.0023171034474827245,0.013768888842927481,-0.04379660308634728,0.0008676355497429434
-0.02950109820676511,-0.021149315086035975,-0.05171677483609342,-0.027532255396833683
-0.02268162373346989,0.0,-0.049825539432643805,-0.004969248902930595
-0.015184439184831857,-0.006274638935862297,-0.04675257427904338,-0.020566676550649803
-0.002318562459975015,0.006873369707810843,-0.014457529137453027,-0.005201574992075884
-0.001753800109728196,0.0033789187601000535,-0.010861693952424593,0.017732111194574515
-0.029483619005948886,-0.002512919363993577,-0.025840826873429878,-0.008813146039566757
-0.020950686619718002,-0.00029502803622059057,-0.01995945935723839,-0.00499259926556825
0.01996715809913338,-0.008689442055491403,-0.013546649568333426,-0.00580974599302099
0.003965863573270843,-0.011569110294458144,-0.009276707038026013,0.000731991183074993
0.001762158642060415,-0.020671876504629604,-0.011733999880255065,0.010966182085083783
-0.003340522972854733,-0.007664482786276762,-0.006515086144491041,0.012691867984301372
0.005856427268385221,-0.004492174916905579,0.0024806362539125755,0.003652301109669881
0.02371071323159243,0.009646360995216433,0.009498787081689119,0.010680380707545798
0.014167635355146481,-0.01164961903710091,0.01401806170952011,0.007329228857677677
-0.011249043590169762,-0.022106617860231288,-0.008642112581314405,-0.013698673257125772
-0.01389899089682488,0.004321278433597456,-0.016919428731605166,-0.018922781030106823
-0.021108208427027035,-0.019095225643500857,-0.019095225643500857,-0.0332947732109213
-0.021859515220365118,-0.01439052905699061,-0.020574872618924257,-0.023282857635581227
-0.025473072436960953,-0.02759623900061701,-0.020912548446002516,-0.010786096335697555
-0.026635841730288216,-0.015519838264136002,-0.012193359776700358,-0.0023739465170935854
-0.008585622692292938,0.009632394355406396,0.007095269561115496,0.020215603776813463
0.002216341607564811,0.0010330578207478976,0.0007377250035071494,0.0105780537584302
0.008011869198460947,-0.007450621217704207,-0.016075321531846955,0.014787229938188208
0.017969512098974315,-0.005413240831404311,-0.016919724745633476,0.011005428643825903
-0.00536354266849477,-0.02140133360596105,-0.04163080438525385,-0.020108543377743034
-0.00926056800271407,-0.033372207809434284,-0.04078090988341558,-0.022114108149370246
-0.01829262398252897,-0.0391556785657501,-0.043471959325548204,-0.02840741747402372
-0.03419923825917678,-0.04748116538850115,-0.03829282485509577,-0.032068253954033996
-0.0250627296163133,-0.03768923111628001,-0.04889978496907501,-0.009436863108542103
-0.02090086779803161,-0.017139524231678534,-0.03886724517941393,0.002864390083992616
-0.014857339738569886,-0.00637983660593963,-0.0020861272226772964,0.014543235432715126
0.005991641522119796,0.005690401402970926,-0.013513483739321756,0.020668707264344607
0.0043720939432506534,-0.007449344124731342,-0.021732673178639483,0.007409738730216393
0.013937251509248655,-0.00029868559964221336,-0.027886682001065456,0.00616360520882169
0.02978721748690492,0.007733551687494103,-0.007906310048039144,0.011796341469369304
0.0071072285093252965,-0.022457053682242253,-0.013040974523963744,-0.008338385447386234
-0.010823722676956821,-0.029927744952742145,-0.028925604222975028,-0.012308615476946064
-0.02852027731043342,-0.04239040204914939,-0.04952518843791919,-0.02793966831017501
-0.02814185359488658,-0.03986475258025501,-0.04506219590525805,-0.03674741627073737
-0.06709697986654244,-0.06905332327581415,-0.08897682367374923,-0.06681675876326601
-0.07082027491408943,-0.06241524008999719,-0.09370451353667235,-0.05486328017340673
-0.0656729762198059,-0.040902907410910246,-0.0784570048816741,-0.02689820248687978
-0.05735734406478515,-0.045896715232672664,-0.09119865109442234,-0.038149197402292
-0.048632292615549036,-0.05337969393828951,-0.08905708543281303,0.00724048247013731
-0.031663050466125026,-0.052916373402722844,-0.06914893617021287,0.013024618315237466
-0.025126337909897614,-0.04987307675267911,-0.055934731277901155,0.00505449368102206
0.021077988058632768,-0.055092388023085845,-0.049715484422214504,0.010831475164566454
0.02830040244895325,-0.04007808285448436,-0.04722887154817316,0.02156554381998544
0.008845332351203094,-0.04571942327805179,-0.046004453144336904,0.013809507936507936
0.03169796163902467,-0.04412640070465164,-0.036734102817790035,0.01791601417702325
0.028754058426647255,-0.03303297396495415,-0.05474820437758132,0.014812527809841238
0.02682542857142868,-0.016869315340304725,-0.04629219972601485,0.011571555722102438
0.019801948455100655,-0.002612957350536501,-0.04489259508705937,0.015969939188507004
0.018909628410173743,-0.009345687575257632,-0.04883787663263263,-0.0016982091260557399
0.015480859804834195,0.04489139034943243,-0.027261832616481844,0.008385092907295348
0.012055738407010201,0.03939540182337039,-0.025478711729874367,-0.0007729633398373336
0.03056975593190156,0.054335791275694344,0.011210392025135825,0.02866390859398837
0.029813632614483342,0.05638740134417646,0.007902689609299704,0.025672686317804626
0.02040500787123168,0.054472909088591356,-0.0018145320647754294,0.01647674725972434
0.007859500814601609,0.03809526984126985,-0.016836967085251116,0.011757472335356896
0.0222702429774053,0.03881811977340688,-0.01299093604612604,-0.00973785767790263
0.00939330121979357,0.032934195287333684,-0.023972616201750032,-0.01161032870928814
0.030631250473874445,0.04175139887800779,0.0,0.009241038956490213
0.03835202996254671,0.08517299334856719,0.03555950993575356,0.05978586973131885
0.053528392641737095,0.07874025376286482,0.031139329069087052,0.057034873132673886
0.04908344041559035,0.07531052561147435,0.03978982101470935,0.05644541312988187
0.13715597439889982,0.14963673984737222,0.13024315515608703,0.11633142676382048
0.11679277206634701,0.13761752408102193,0.1346449780093753,0.06507000620603107
0.13424858271936305,0.14986070832906226,0.1391144693939544,0.06411900397370818
0.1280396069630919,0.15722204628204342,0.2091713528826596,0.08519858483754514
0.08541343486981494,0.16383050996024912,0.20968008055443121,0.011563802142108283
0.07943315817519014,0.12988761048689149,0.19128094785530025,0.02167431590354936
0.09415158122743687,0.14249090772014492,0.2069130010658332,0.019098843822430288
0.02339650302286528,0.15300710034821688,0.21581475130398564,0.012774437451112727
0.041316756976429204,0.17538227292408945,0.22015877777777773,0.02179981303470107
0.033490222824215814,0.16248106391773265,0.20760639309120865,0.018827871090635568
0.014770458688743607,0.1633867049556046,0.20170190989130013,0.006467005667163963
0.0037219060060386237,0.13344338936760486,0.18076623642273282,-0.007883313521438489
-0.0015910236433578657,0.0864233901723675,0.17895732235724637,-0.020424091826820836
-0.0038272932754637324,0.08029196735543291,0.16535443100298416,-0.017699024867205912
-0.012481894462200785,0.08534301805054152,0.1670807712086717,-0.014424311187403317
-0.02497731137073067,0.007798762627453427,0.1586024838892413,-0.00741630228006091
-0.017568949378914588,0.022622568409645175,0.16335335434355602,0.0025231738702586257
-0.010097088641565995,0.015332885415814007,0.16749139081401848,0.00013241917862673547
0.0021188716165046148,0.006919440933614428,0.16522937587836845,0.006785444024191458
0.0026560025502256114,0.0035889537316647936,0.16800744381199628,0.007338265804066727
-0.011791295238819706,-0.011005065261338345,0.11745312359550561,-0.011922135698029832
-0.013171979075466706,-0.021116524526192032,0.11836547044632109,-0.01748576016653217
0.010273569457247613,-0.0051241623292056,0.14709890479930596,0.000660803506298356
-0.0087428270961142,-0.026538323408157066,0.14418959803701523,-0.008874145695364329
0.006888382749725336,-0.010801588277021764,0.14992442208545909,0.019037485938462856
-0.0027751949986837645,-0.010490466548899431,0.15118223564383348,0.017392490694148183
0.0010596291390727582,0.0009270295079583388,0.13449412483514894,-0.0018489038318951303
0.0053626762495067115,-0.0041169321068951865,0.08195065883568496,0.002138126362738928
0.02211136637754778,0.004371952661422082,0.0850149526972254,-0.002631285287954695
0.01650818784326218,0.024081917292074595,0.1114801588447653,0.02001062841254477
0.012829065539781899,0.011207525465277972,0.019093692923476242,0.0027784995295450044
-0.011972161242674362,-0.005166247321929994,0.017339447304253675,0.0014668622874213096
0.012987052915280461,0.01258450159185336,0.028110343728590382,0.00831030229020734
0.007806244831801057,0.006607638604668655,0.013572800703318759,-0.010393698708669493
0.03387119706284035,0.02688740397350998,0.030572855354000283,0.022958147209946596
0.013982390554871191,0.03056719563304438,0.019225736388908284,0.023568642438578993
0.011303039998661335,0.04948089657491958,0.027319507482625287,0.018314939342884792
0.008840189882039882,0.00977282079011066,0.004598580940762298,0.0038072864331700454
0.021571278870073964,0.02525723572745599,-0.00195137237083236,-0.01044754302137947
0.009811616697759897,0.015524272713477982,0.004554997634305025,0.0041628592105038675
0.02927667137394429,0.03896107923351556,0.028061892786207906,0.007194322055206701
0.026441416567024457,0.05292405258205736,0.05390014424844,0.04080568978296739
0.0327825666924978,0.05867450483196443,0.054316013772270355,0.03480185043271841
0.028777056977238206,0.05632507733346729,0.06094328056664223,0.03744008194221819
0.05283809904313501,0.04586201057734173,0.07104837301498812,0.026785688092201825
0.0508342277002838,0.06372874965392854,0.07565051670382324,0.013068622441100262
0.04054926698926612,0.06950735205079492,0.06398201255747805,0.01171433444658426
0.021300994354566376,0.04748819865284653,0.06067031555624088,-0.0001249000967807177
0.015707463792222574,0.06117899596111301,0.06819088326128918,0.00409940372670799
0.016752765042861294,0.041145389412425924,0.06913908609271519,0.001240362146848337
0.01448546417368979,0.0568491587023875,0.08915407369106175,0.01145415836653395
-0.0007453167701862498,0.03340192874624515,0.08453558270286052,0.0046209816410642405
0.0018605060086639617,0.056369318027325734,0.0666930260605782,-0.000742360491343173
0.019422273406374625,0.06725750694398462,0.09421348137876584,0.01437061429174173
0.016735406519295712,0.05467031857312289,0.07104330822146276,0.002092639145559811
0.01830998346381335,0.04987239668692856,0.09077655831932886,0.02324709042150429
0.014990076623017021,0.029530006797436545,0.08401690701198995,0.014361805659098925
0.019079308692252845,0.04282657819406196,0.10401391129521038,0.011113874369096529
0.026354996858403684,0.030968980245529965,0.08903838778626535,0.014125954348313168
0.007552309306139994,0.010931639751552832,0.057294997306807975,-0.011298761056949488
-0.00659502955282233,0.00893069924594275,0.0732285911963505,-0.007201318198462193
-0.0015969167622199975,0.01195217878486069,0.08229029513422896,-0.018238941680892115
-0.0018223059609355405,0.02610221056575506,0.0748299561792266,-0.004844888683257871
0.015623080678627967,0.029444475332315385,0.0924248547308612,0.022487122972000027
0.07863270831461881,0.10629338322233182,0.1518122552794048,0.09786092195037734
0.07848841033159923,0.09601185613027716,0.15831920807912558,0.09547246672579314
0.09719838156297794,0.1100198754346127,0.14709668022079556,0.08678184825794316
0.10363906337049739,0.11142751435288527,0.17407792537376318,0.07883665519572963
0.12549217674079932,0.11724482598600966,0.19238792762789458,0.02441209324483441
0.09737097870637884,0.1074806482014176,0.16802696805215775,0.012578649903653942
0.08496575033007761,0.0968290753694346,0.1515305701140161,0.011087445278447246
0.017357166270195932,0.10887340412547286,0.14161844328679468,0.01203075677946158
0.022574146197505095,0.09977052663642316,0.14686993509094262,-0.004700480825301161
0.01567925841998818,0.09847388804442576,0.13249250418350408,0.005878415888269106
0.004901437169480942,0.10850334634443391,0.12062110559006206,-0.000775365538052425
-0.01770881008825502,0.10474557928426746,0.11461172979614005,-0.010897050322444724
-0.009538608716122028,0.098671310269086,0.11180282619521927,-0.01922020804326607
0.005981402370197075,0.10540403576416564,0.13425752466591734,0.001433432540887873
-0.0029718877924466893,0.0885711223238928,0.12062352788262953,0.004101574150333346
0.01098297602472347,0.03079507175380498,0.1403617673394232,0.024371266143208777
-0.007939144162771222,0.010444743818005938,0.10745941918905508,0.007502776903602036
0.0062077153997087105,0.01657515940670669,0.1284186318145541,-0.000550572561109773
0.03171598006102848,0.032750385409949304,0.14782719380316423,0.023515091112495265
0.01926085041676874,-0.005028486936101137,0.11162677497411243,-0.011189635702673471
0.02576529398810843,0.03327417776068422,0.14433115615618936,0.03545629614920205
0.030249480453754023,0.033673028729209326,0.1337626323353817,0.028093016241919556
0.007278630941489405,0.020583412671071243,0.13169780300256304,0.00010788480323465506
0.03823500013076586,0.02591983440132338,0.12827639656629544,0.02625804305398952
0.03668614200791475,0.037600572552639176,0.13977713516901982,0.01009010261528111
0.013159324918124642,0.041237124944431165,0.15421483733895938,0.006536648092584802
0.03559662828817712,0.04896506733847024,0.15883952096579892,0.016609156421385326
0.006118494799549339,0.04960806104340212,0.1531742636955494,0.003425746561363981
0.0036434204886413154,0.031270689275490066,0.1399707818904196,-0.004675813064310572
0.012079324718730352,0.035990217796639114,0.12774903410346158,-0.0009582029170659801
0.02419434646421818,0.039326397414674745,0.07133252839868329,0.014958582326361575
0.030180702022969304,0.07747027812081508,0.0887241791473026,0.034247294326876426
0.013520674970722764,0.04880467275987673,0.06618877739737053,0.0164423759793988
0.016656057359302763,0.03365336030259257,0.06750590623279167,0.02120637345295703
0.012055883536032753,0.04218857533031992,0.03694794369431755,-0.008466572770284888
-0.010997298270454885,-0.005689211863923896,0.027395662049881923,-0.044460541686392824
-0.028772347773757326,-0.023360490784397666,0.00952591946750021,-0.04264703915904528
-0.028953653788097767,0.001941339495887239,0.022564711558936978,-0.030574975882813743
-0.05291937171612616,-0.017128850567226264,0.008347006863909595,-0.032152677291243166
-0.031827721591209605,-0.020510096078854248,0.01631928511811037,-0.004965983103723907
-0.01638317820341894,0.0035132758437133316,0.04489527818307596,0.034233081349935024
-0.002002983322759929,0.004349628594321552,0.05352767578981008,0.01905270141974815
0.028068725944145213,0.01600341354944798,0.06640537290911393,0.03725089940640238
0.03500113051350802,0.007153512400020745,0.038647896939000226,0.023435001050992606
0.00818086096488997,-0.0019180733980423293,0.0340031125192513,-0.006365351021316543
0.019823538172825252,-0.021323309738127134,0.01716451872358982,-0.01098553947365673
-0.004990767169160733,-0.0539509272962467,0.01933975748205227,-0.03696318270618977
-0.02556762093003139,-0.03518906623494954,0.011898215662604855,-0.026290723496433237
-0.0008450618114516856,-0.01293964284796732,0.020278254991675744,0.009929446511661463
-0.0051454897045419236,-0.00126505375010482,0.0408701507647819,0.011855185683707721
0.006360627449154656,0.024830001883731075,0.018999526878509,0.03511068624043939
0.01409351850977922,0.042133026575960277,0.01778828761251611,0.03407735512416665
0.010573598544492038,0.01851454212024663,0.020491824628000175,0.0003172322789822052
0.03958125656505572,0.038448949753816644,0.020661512871790463,0.0063331012525459345
0.032335351820040256,0.028751242893593057,0.007651456060604739,-0.001158748551564454
0.011417719057732145,0.014958582326361575,0.018524411796018308,0.0072646344304707
0.015199514781497113,0.015950164063592776,0.020369169947609452,0.016486968405613027
0.0202254081955124,0.01701139293254042,0.03328704683814,0.015838074925029366
0.01810901185168419,0.025124509167295504,0.03245775005518893,0.019827009069816527
0.024307703731525035,0.03480668226322098,0.03282184709385545,0.013065747111231254
0.027061066795094135,0.04581866001768647,0.023518344800216258,0.018091058432106465
0.042396076777051324,0.07774503410473271,0.019599690125857355,0.0205472177707221
0.025086255358759246,0.067719130489257,0.030147091286147804,0.014167559901785694
0.023705541692659485,0.04091344924044607,0.027444400971628938,0.015889403959748218
0.02271559158937726,0.04549298174990466,0.04417037693263367,0.011540083977534364
0.09420890674898363,0.11461074475929617,0.1422865316512964,0.07051803199182641
0.09358233787829827,0.11591908456772741,0.16293613301444074,0.08075862139288272
0.07781865967766867,0.11540897964249702,0.13606026617738934,0.07190739459585012
0.06353710293553631,0.1025803168693231,0.14497337207217895,0.06128217886071132
0.07015394106250641,0.10683396962666108,0.138656821930277,-0.008127785807159707
0.06032909872363501,0.09125121963522978,0.10757479084288583,-0.015001377771513868
0.06461376886581208,0.0963817529631939,0.11386922179928628,-0.000852795140678533
-0.00841130343845188,0.08332473068300948,0.1017535933501967,-0.001902635029414813
-0.008868714196975418,0.08634959936968775,0.11364359983793927,0.0009528918805019841
0.0070115405816605966,0.09657450673905293,0.13474262717306743,0.018007633754643062
0.008751883311875541,0.08292486893228895,0.13254303532659517,0.005595106844811077
0.01810386902631358,0.08104008826548313,0.1650855867962664,0.018394967945005038
0.018965468985335868,0.0847353624961763,0.15819269805536634,0.012660580314309932
0.00312946429007492,0.07434491239432175,0.11830006843429833,-0.004704554052545672
0.017346550082854493,0.0776375039584804,0.12666244725907636,0.006601254181429103
0.022941417717046542,0.015593998971628402,0.1319919835668386,0.0057089472289929
0.0009408919922929183,0.0036795830489590453,0.12002520151531272,0.0
0.0056582232585984165,0.010422569543087264,0.12703440730180496,0.0081300813776714
-0.018811436945464426,-0.0026636890411808464,0.09964338576225659,-0.01780028139029945
-0.024534687663132753,-0.011243449582947512,0.09438933769247006,-0.034338377390083476
-0.01559843085269835,-0.002586254739726898,0.0884289659962154,-0.02115059281304548
-0.009368559291147823,0.0027501281009994125,0.09939694323144097,-0.008439619358961202
-0.01954213679082576,0.004193700041816529,0.0878678696513757,0.0049599868355584215
-0.02218462179501659,-0.009804911666685056,0.07569803750872926,0.0024091742047559275
-0.025506386210675004,-0.02220550453712365,0.07222451655436476,-0.002016700336599417
-0.008489117073220826,-0.01970958110420998,0.06158087339830204,-0.01692832451160065
-0.009154833067982168,-0.037716406882852785,0.04026714043978709,-0.02410783006731372
-0.0012484106765123888,-0.0223725988636755,0.06046701335780572,-0.0001922418821066068
-0.019481729137161445,-0.019852514840730872,0.05301646407694977,-0.002309449621044064
-0.018033428074853575,-0.0307288651064056,0.04452292646573663,-0.004713785609825462
0.0016343492107580362,-0.030429899780661542,-0.015310424634919531,0.01332427543279531
-0.001154686319374284,-0.02425262335737798,-0.020662279850217527,-0.0019230480769230405
-0.005675767359569999,-0.030757670956092244,-0.02065567537752825,-0.003086410108024787
0.006224460221746772,-0.013162886805146415,-0.01579151400899409,0.0
-0.034615365384615376,-0.032475620096625836,-0.04335393168234198,-0.036375851110934866
-0.013406626157407436,-0.0176701820129698,-0.020210737160713817,-0.014547225013085982
0.001546530074874645,-0.02004913032058127,-0.01735413989627709,0.0025154992016689325
-0.002687378775556662,-0.013762310044017522,-0.009626325002408082,0.004349555425764159
0.006840067239689735,0.004710680774197643,-0.005140418701368373,0.040936254164616444
0.009868382257465402,0.004426472371564097,-0.01787732421788977,0.020432065495824946
-0.009472221239824292,-0.014141356829476386,-0.03357221771433223,-0.011001736797865182
0.014243027604720493,-0.00962845749854114,-0.04698171356072469,-0.020017341159952292
-0.024733590529537716,-0.04076921153846154,-0.0622296971863987,-0.04545019528370117
-0.04574412143184356,-0.046296325231481514,-0.0652297415884831,-0.05269208812106021
-0.021268471898047512,-0.017011424869625216,-0.04721754819594435,-0.007611299542994747
-0.030906161498303258,-0.027929771994821568,-0.057509771612783964,-0.005401188148852139
-0.03678861956663976,-0.031406569419848665,-0.05489750107813971,0.007818754855277606
-0.012490300180806983,-0.020897871314842584,-0.05101277242135014,0.02346278388337727
-0.009820288523612128,-0.02542042359772305,-0.038248704244513765,-0.008554523359523825
0.027967130553986995,0.021414352163060747,-0.01175671229902801,0.012539534089055433
0.03165458227107346,-0.0027373056727216538,-0.020359118996229327,0.01462105615057629
0.0036381810316080637,-0.014958530738510053,-0.034707755526910515,0.008596867843780638
-0.00039495458525827716,-0.025695370004990094,-0.039104052400303194,0.004066210372583417
-0.011736622123168736,-0.04927758971815926,-0.044799039938445744,-0.03110679577454529
-0.007114565428297392,-0.037363423185382987,-0.033102338974256046,-0.014998519458905644
0.01507483853863264,-0.001268588955837531,-0.015392006216219487,0.002743195845988108
0.004193076425360929,0.011293341622442502,0.001556146664073169,0.01718693238219934
-0.010587216731943534,0.011728127270887652,-0.029519230769230704,0.0158011169907296
-0.005094513569119128,0.02700248868332794,-0.020543952546296325,0.01064888503237811
-0.04158434495425411,-0.045919352387001476,-0.06214962364343337,-0.051978496374762956
-0.03814413206376682,-0.056378347713056456,-0.08273348531080758,-0.0719557465928604
-0.0391122599787342,-0.03968567694762605,-0.0698458553994454,-0.04339638363222038
-0.05285780269385049,-0.042094813500834286,-0.06211299282011414,-0.04539636498090499
-0.06127408056105795,-0.04125760108583541,-0.06562923898733064,-0.0037102030682283826
-0.04369367878727834,-0.058800641868338124,-0.03864546735765998,0.009940326462279067
-0.0450024605119904,-0.049308880515461645,-0.051911212709832774,0.004453650819668981
0.01185201496291887,-0.038111100225335426,-0.05249954489964636,0.012791396476348327
0.02396150465627293,-0.03338598446041063,-0.05822348924170962,0.012309951635666632
0.010875142075345099,-0.01771339555441427,-0.06611811183392763,0.011189401508166186
0.006602021732988889,-0.028861474058674175,-0.06514653377504896,0.006186832145179423
0.008585931697236543,-0.04738640053515193,-0.04859487562661368,-0.0069260541861887025
0.01357236884290402,-0.05000971887716884,-0.03928115409444851,-0.0003065501705850551
0.009074014980181023,-0.03041711086891915,-0.01904571934551488,0.002663965218523852
-0.011407639030352553,-0.04421472050571983,-0.0184061393124841,-0.00532900173541706
-0.004904996884273447,0.0036071215459869974,-0.0424778675263874,-0.0012307897435897385
0.007581946876679239,0.028983948937951306,-0.029028465926426442,0.005213063370887042
0.01311742133393281,0.023925395424379173,-0.016709777036902997,0.01021866942347571
0.028923076923076853,0.03486690664603025,-0.008695622787419678,0.03358749296491847
0.031789838867630954,0.04417093295067617,0.0010909451335725814,0.036557856573379746
0.028203566031028374,0.04247829597425284,-0.018820096962844597,0.0231849307783173
0.04141772185076699,0.04227674647525013,-0.00911675308074209,0.022456018612178778
0.028548018659848403,0.020167080871867932,-0.018712608993827692,-0.0015948564593300687
0.012609376148439074,0.017576139203186767,-0.016396641967535465,-0.013473350238293175
0.016993728504956573,0.030122971928749496,0.011875996257286766,-0.0007950904234725939
-0.03209730861244013,-0.004919081678231508,-0.0336385837886569,-0.03937479146468551
-0.03685357565180168,-0.0028717743589744224,-0.05012209184410542,-0.029353053939574592
-0.018286662327834116,0.009710681596429007,-0.04078466573748294,-0.008033781722558985
-0.024337158204646592,0.0077662067467177175,-0.02288712969384729,-0.01909685697234938
-0.0041933504715115704,0.027611787092763046,-0.017823780861926746,0.02718846605949467
0.015665775945656314,0.03861164589467336,0.042358044340493055,0.04032090021968943
-0.0019892977919236817,0.020337605057458005,0.049911018101914895,0.015792650653829666
0.03645728190437245,0.018005259963584878,0.04236143835231156,0.020482640022659915
0.046286771316873664,0.013955362838915478,0.049308849818261676,0.019851654699251084
0.06114600245284462,0.03843865586608554,0.0843074601077367,0.036385208621712406
0.06327314817941293,0.04213871909881298,0.0864069960549211,0.04504688240170949
0.049127753140720945,0.035219607534238154,0.07898532442817108,0.0397456279809221
0.04726120229385017,0.057507925019651615,0.07883477286616418,0.04128977504345717
0.04185772540792215,0.04980917754952459,0.06826076979091804,-0.002671245945430137
0.04988080286168522,0.050925044758305095,0.08258203038077933,0.007629258058363545
0.039323632730561685,0.08877450234345004,0.08341873163724675,0.010321120030580975
0.01659986643770273,0.09607072421166994,0.09292305641025633,0.006042296186599119
0.00877358382605385,0.07086454891404229,0.08126337358145014,0.011861469294050122
0.007071846330275229,0.06854589193782415,0.07684444025296917,-0.0026500661499123186
-0.01661625786662124,0.04431528061590698,0.07315069180199249,-0.01475593994029619
-0.004974210828391047,0.028475341111330883,0.06818646679372499,-0.02383635555248403
-0.0007571644612090632,0.05222250556996229,0.07362219132081309,-0.0018906788030002887
-0.0020809874748204584,0.04829093799682034,0.06716568885292333,0.0011387550035823638
-0.002252233525755133,0.04522215797832957,0.059808612440191394,0.020737287990119438
0.0026470032642653945,0.011829784392291548,0.05072316126960237,0.0196116331325372
0.009489466872071872,0.014495498760251774,0.057245039609520196,0.007577154620626047
0.033218105483175664,0.02847861238532109,0.06470122547088994,0.020094805687203787
0.029994271486032304,0.01151814598788034,0.06968845568336839,0.007712565838976744
0.005304015811630761,0.01530514635546197,0.06587666065722722,0.0007543088959893008
0.018578199052132642,0.01703573662556357,0.06882832703401619,0.010152303255354388
0.012415349887133253,0.018161161215263757,0.10854791160757801,0.00018582047601152312
0.00999438072778397,0.00525529289142823,0.10183089689712212,-0.000186652977412741
0.008272269379061274,0.013991340782592884,0.08584737974989626,0.01055211984171848
-0.0016725515392574757,0.019548339714335602,0.08943419003378247,-0.00018609715242868844
0.017360462945678546,0.046466933699426505,0.09284140952158432,0.012634708286882195
0.06519689089881282,0.08690638672972056,0.11785641684793348,0.05545179134705387
0.03666482412060308,0.05512407548543149,0.11022529839447075,0.03859779901924671
0.026570048309178737,0.04739336492890995,0.09797297297297297,0.02848099351301197
-0.06646753049911257,-0.05944319036869821,-0.016909181735957828,-0.08256880733944955
-0.0988252638667674,-0.08862902297999282,-0.07784770082045404,-0.14505567212198248
-0.1209977639427073,-0.1122391072050969,-0.09937057028418837,-0.15224416243726813
-0.10220183486238532,-0.0906894798236484,-0.06479357798165139,-0.11438914027149322
-0.12117458201264071,-0.07261526974052643,-0.061933517030466775,-0.0064000000000000055
-0.11310590461210225,-0.06915390993028075,-0.054907174287354164,0.022139456977469198
-0.12000001809954751,-0.0951051740182393,-0.07968962408897884,0.029648411062083553
-0.05059997999999993,-0.11798586027499065,-0.10196745928930258,-0.02983852442264452
0.002482909063401238,-0.09540701838299069,-0.09065311731706295,-0.024758433977455703
0.026683586897848506,-0.09602835920141048,-0.08338058391719777,-0.01862352151321783
-0.01001432658900469,-0.09828745163277273,-0.0806604684126109,-0.003702180248913615
0.0018115942028986195,-0.08678899082568801,-0.04435487540879889,0.04845163158939052
-0.0004048785261182905,-0.12648148109820412,-0.05056714287895191,0.019195046043445897
0.02509257558808266,-0.10520647926020678,-0.05588181367907141,0.02805280528052819
0.05456077407708494,-0.0939366334841629,-0.05099524170616114,0.033443477156141134
0.02084619152020251,-0.010800019999999933,-0.0696012227238524,-0.006228671890697202
0.019389397689769036,0.022553195838891114,-0.06807469485337907,0.0008099837827058694
0.02704378668546215,0.05357896964042835,-0.06467379328207921,-0.001805778491171818
0.014466586296965919,0.031882321684038366,-0.0616985493087057,0.008589712173597384
-0.005265329986526328,-0.011272161835748787,-0.08306890050401344,-0.006874241950550856
-0.008025702247191074,0.0008096558376657478,-0.06840024495948747,0.0004047147067873334
-0.022772732265826365,0.0061702798471879785,-0.08952171970965936,-0.01668345728643217
-0.007278629342471357,0.0343374123796626,-0.08769977703455965,-0.027530282133876677
-0.010926690041549569,0.008875128815786809,-0.08737863914528306,-0.004885952868199365
-0.013467296482412053,0.01237627887788786,-0.08484055407718526,-0.007281492865725986
-0.05941770412288754,-0.019611829471755424,-0.11597168436389281,-0.0292313176300621
-0.03175891758466852,-0.04440423950170792,-0.12733943119266056,-0.0313645022959064
-0.01961970104408774,-0.018428513195048266,-0.14257912864990488,-0.008387888535435926
-0.02166796899705521,-0.03972710674157316,-0.1407540369703046,-0.024857395075085845
-0.007535601121613131,-0.02656813770339323,-0.11800904977375572,0.02611071694627429
0.005523751932820144,-0.006267630535132092,-0.016999959999999988,0.033431475327344945
-0.028321168365070565,-0.035006051598787995,-0.01324235409715067,-0.016092469236796657
0.013897662080536525,-0.03216076381909547,0.019695065233056582,0.006059360508580093
0.03069804392981412,-0.02911471463201752,0.0018393623543838833,0.00595115945003091
0.011759851211886567,-0.001628623811657719,-0.012882427536231946,-0.00223806705033306
0.05578767121212554,0.022046926012275935,0.022874432272290107,0.059551269858487445
0.014775312948902185,0.010834076485448766,0.017071205616437803,0.026998939688517555
-0.013224862127167373,-0.012219919031361251,0.021697892949275405,-0.01060791513667897
0.03459847000625861,0.009410781313200124,0.018369432025398782,0.006117434622401554
0.04465206460427559,0.02485731357549658,0.037541233498349896,-0.004551751524871332
0.027947756017951852,0.06106542172813567,0.04025598761882722,0.019009059271808765
0.02650895133546198,0.05845245882143702,0.011452682338758293,0.03793814432989698
-0.006926558617188907,0.03527953300434213,0.016200870469808205,0.017024726388325827
0.03215368994633582,0.06644379301203943,0.02407706661316198,0.014711769676178262
0.023917525773195805,0.01908475271906423,-0.007990431322604312,-0.014486981831454422
0.010944487231455139,0.014852471420041842,0.00849175108151532,-0.00913784266984512
-0.02107349942492052,0.03250163624452994,-0.003642169309679104,-0.018732522917497066
-0.0007938281562578266,0.04569046539188095,0.012060261306532651,-0.013518867289990792
-0.003178386968613502,0.02366381068951441,-0.006139869037834406,0.010471204188481738
0.007971343164607425,0.031402956129629844,0.02972318871586297,0.014033700600767838
-0.007445160512438079,0.0025727489129774186,0.02467639613018593,0.02883830102200239
0.04188485702778898,0.04630942272377298,0.05764521903700808,0.027606833271373667
0.034883680134649556,0.0643298762886598,0.05132385137775363,0.028696671980868876
0.046709969670594244,0.0445885893798134,0.05441898415673102,0.018979813405305843
0.0009931281427260686,0.0019881312522491493,0.02689486442971213,-0.005132214765100592
-0.021123973694699077,-0.02520341387583681,0.03432295075498214,-0.05063786043147036
-0.012653281429288992,-0.007945987286452188,0.05004200904032783,-0.03254552562079669
-0.0422424003158309,-0.03308090872857705,0.0010315452644616137,-0.0585952840784771
-0.07015850134679161,-0.05740595498812784,0.005223568633021968,-0.045436525974741106
-0.13192557403962754,-0.09766409585179213,-0.08044323825159035,-0.08774426074397926
-0.11195189926364173,-0.0823977730072619,-0.06876911215588552,-0.0835001818882695
-0.08115081027179326,-0.059504485804041954,-0.028936842712032777,-0.045548206924979455
-0.05496744818744806,-0.07805362772804876,-0.035929468912586984,-0.03512789367848895
-0.07488982929294812,-0.0793144479872459,-0.057527519379845016,0.03101986094577415
0.04781533388293487,0.00514033194383826,0.036704709691992195,0.11077124754205811
0.06277281100035735,0.00927755625740236,0.011874173993156096,0.10408118971968928
0.16982809261709234,0.01314255844056602,0.06006060545883506,0.12925463719322006
0.15228319860170403,0.02169707519754111,0.08742272164948447,0.1415584601394272
0.13711938809934374,0.021730674782097892,0.06728820429671652,0.0357985837922894
0.12042223698501675,0.031944363811731644,0.03399600465200811,0.017210971695463158
0.14913417426116513,0.08082249757374799,0.05358208084108119,0.01278141979326294
0.05271439811172304,0.07168604468734577,0.06317044100119189,0.014789495078138341
0.026989966223548538,0.08223408903544929,0.04643280191311286,-0.0028484998101024218
0.03319347703904905,0.12575345820508296,0.061128505855632724,0.041338244235271715
0.02047777700122202,0.2010711626629957,0.08376963350785348,0.013750235449237085
0.03456133687808584,0.19029932270045866,0.09222130929788869,0.017937219730941586
0.0390310147675836,0.16691858849236468,0.09748169790894809,0.029137365421343063
0.019966132981729084,0.16652314375368998,0.07547178055498635,-0.00018460118168382486
0.0007474028400597276,0.15930735585914813,0.06735753288162614,-0.004830899293942782
0.03618362354536737,0.07022029897718318,0.07572158656695972,-0.0012848751835536029
-0.0014770679468241552,0.057696087273692805,0.06750892222660884,0.0007402109411508658
0.020624303232998874,0.0478825275804093,0.06165438493798286,0.014404394666504335
-0.0113803046989721,0.021236233551906198,0.04339407290573556,0.005601194817005272
-0.02017024389026189,0.00550704519559445,0.027357391785848117,-0.026833284322734723
-0.006278873267631659,0.034608788102625895,0.06765870763259095,-0.004992621856781747
0.014002987042513312,0.022979864381239334,0.1056596519881851,-0.0112870744584016
-0.0012865282117256603,0.015321375186846044,0.08810574866050765,0.008911975326550895
0.004622780894127925,0.034660142245672855,0.11974447650453415,0.02606234133971027
-0.009830711815037259,0.004246658050221686,0.13053414819093448,0.010778628307403365
0.02005194912640279,0.02081008918617614,0.22606556067695693,0.011600036612041316
0.03021714768239569,0.0012848568281938842,0.1918286869128249,0.003864538093485393
0.0,-0.0042561065089543005,0.16195205869246257,-0.009571157387404487
0.0011047320731958782,0.00406273299860634,0.1712624158234561,-0.00036771466018970005
0.007177033492822846,0.02184464111567132,0.18463200899064908,-0.003822333524250763
-0.008098711279266974,-0.009557085094651599,0.059992112509834765,-0.01209899197248375
-0.011583030181706751,-0.005917233508978,0.05143745254376199,-0.0009292510513054384
-0.05169277487609712,-0.051520152921900604,-0.006104540484721123,-0.04175098476643343
-0.035930321465267055,-0.023579669075757974,-0.0028441788834212317,-0.03910104147633827
0.011893699834720326,0.028328611363010174,0.03399166350170915,0.010391575624263738
-0.0400956417159397,-0.030105964874447774,0.003460892269213261,-0.029203851532881433
-0.03489859309336738,-0.02743511273365654,-0.005085703522320646,0.013819616653344228
-0.02969007292058043,-0.03772541405962471,-0.022982044095665292,-0.005704487545160806
-0.021949331173710285,-0.03221056387960376,0.0013331556401886986,-0.034343415347228366
0.0015355470838981674,-0.040632451565222556,-0.03655834564254057,-0.00019158843057269525
-0.006845407872219177,-0.049326520737650606,-0.029542920847268738,-0.01117001135933365
-0.005693333228772525,-0.007516040467755033,-0.006240840675477126,0.03537957476803274
0.027399885560449994,-0.003530979306244573,-0.007772057591190582,0.019779325987853702
0.02858769405528209,-0.0007356446705102866,0.0033240996002179227,0.041203564584131866
0.02849489331621929,-0.017357957244655588,0.004107505524505065,0.02967641202374114
0.026055514414016188,0.0011134162388831594,-0.008454309869509213,-0.0035093831457219415
0.07819083940206982,0.046502977920497686,0.04031057543230125,0.04923534220879047
0.0867317250622249,0.08944338155252911,0.033315091935190305,0.04472659507724669
0.043960122718140426,0.07472903593839132,0.049387280924855656,0.05094832746278048
0.02760162304367069,0.011937502076446225,0.04060428629642517,0.021315977362076396
0.002760868663321539,0.04387815757574543,0.012451198430566785,-0.031638785340874095
-0.00855334712817671,0.00946611132146914,-0.018228705243441248,-0.060606027505497845
-0.011492103586800674,0.019889098873798142,-0.018586639676113414,-0.05644016277423925
-0.030750072191613062,0.03708628615114918,0.0036811520824165662,-0.01034480981287881
-0.05144464592828209,0.03181295515523196,-0.010112134769482155,-0.011747430249632774
-0.07006367657466389,0.006318227072563716,-0.04331994982380689,-0.014253544636159049
-0.024500872032699517,-0.00720352802370763,-0.01466542648332587,0.007875454420571738
0.009544787077826784,0.025736684553089976,0.0221148295462771,0.008619127244069883
0.032820705176294075,0.013620430199873726,0.012874765732476845,0.022845468053491767
0.027939207652758008,0.01933806283633445,0.001644436323771303,0.0429984580860263
0.0029341647338009982,0.013716366752245286,0.014845055016608872,0.017488353488372098
0.029531946508172292,-0.014752897787163152,0.03106402645327473,0.007818181818181813
0.05308213369326229,-0.02484143850745033,0.062380040782343216,0.005084401670601036
0.046511627906976744,-0.004777070063694323,0.06959498003422697,0.026085370302809188
0.02800001818181812,0.02613435666549384,0.03838383767890099,0.03382706223856388
0.022153640820773493,0.033223219530102786,0.07855915076756366,0.015515082085513204
0.002918642831083484,0.031132783195798885,0.04089360090874662,-0.0066846976218500045
0.028158731544317573,0.05437835910825573,0.07534899454295288,-0.00035555555555561114
0.04167421973660468,0.058866734987469936,0.0981361697171483,0.021223929585710486
0.04516711996990497,0.07447990341753336,0.10866228440015331,0.02771357207828088
0.020799964444444437,0.09246569458779119,0.09936814091518291,0.04437973808657699
0.017509691943585214,0.07032556279069761,0.06261544260464418,0.023119313533700867
0.019364007472659372,0.04327274545454546,0.07012312700714522,-0.006234862963807949
0.029101527828301266,0.02741968403849646,0.04141358213091912,-0.02195325918593807
0.017428401209318985,0.04359720904779283,0.06377835745218231,-0.003657244989802965
0.00381013149254838,0.05979155347945797,0.074328043107914,0.007474361332771913
0.0055315472958184075,0.0494316795958867,0.03394952129219764,0.013767810844060452
0.012365082283701933,0.0502258916070783,0.024136769701788872,0.02739482052333614
0.009734069350496718,0.03271111111111117,0.02777777777777778,0.015381943985001643
0.020041791215723342,0.03519628519284957,0.06225047412887379,0.009834368699695685
0.04807346949192401,0.05347304932540334,0.08847281571218801,0.019425838728754984
0.0213249610439601,0.06275009094216084,0.09583645911477869,0.005160829087204036
0.002760524547282973,0.03361193313178024,0.0898180540101986,0.0005164227922189112
0.00017194430709796597,0.007620332261159305,0.06693565132836338,-0.005979822415510324
-0.012386048298881045,-0.007605842959579753,0.06630757800891518,-0.03187182178535961
-0.00860733344809778,0.0029606758258682586,0.09570013136034765,-0.01437617662159843
-0.007517495429992971,0.009734069350496718,0.08074418604651169,-0.0005161562373735856
-0.016188853561363403,0.016730550422960143,0.06072727272727279,0.0027500859401856943
-0.009070648639397555,0.023329797690710585,0.05138917741056837,0.008535133252046754
0.008947006348021497,0.024995630571502014,0.06968257935060201,0.01823231463795797
0.008078411825369558,0.01190481386999329,0.07240817466462196,0.009640247891203256
0.008535133252046754,-0.004641499214079379,0.044560743279812395,-0.00754196091875219
0.015627747872894487,0.006193032750850923,0.056729974949592546,0.010189982376857195
-0.023928369771044983,-0.023928369771044983,0.008000017777777783,-0.033083186103055745
-0.031025042852245572,-0.034170511432949115,-0.00017690130567914327,-0.03614668248434167
-0.03195169146971706,-0.054806071750523974,-0.0042636702031680004,-0.03195169146971706
-0.0380286329813888,-0.034571281875748816,0.026009457984721714,-0.03556166744531827
-0.028985523308251555,-0.020130729871485366,0.012804570513960582,0.004409170998074585
-0.01588949858758215,-0.02062564455139228,-0.013162486554815155,0.00796039285265157
-0.02632930325425526,-0.008012523950531201,-0.015557424911233343,0.01605712785115305
0.018871234235075283,0.003125542628928628,0.006095472173301077,0.02410920049636601
0.01768972258428662,-0.009640230676536526,0.0,0.010184336959010698
0.02390722611788099,-0.01628387041480974,0.00017424189309447834,0.007195489645489755
0.01489097677716723,-0.011226286313427081,0.011841604388773257,0.005267761101531845
-0.0049166460945277365,-0.03359483345148084,-0.009438926926043185,-0.019041059373377245
0.0003510003510004059,-0.028133025468609543,-0.01656313003041983,-0.00921256751629696
0.011413467753933823,-0.005181416055909657,-0.009798865731437713,0.003659156711258982
0.007616392591310373,-0.004787194228510944,0.0013761912716981262,0.016768541484716216
-0.00156440120918473,0.013051110880932788,-0.011189550697194062,0.01358745415872435
-0.010629029632846072,0.004422430646071655,-0.029899197503830473,-0.003859666666666727
0.00593886462882102,0.02747548666325585,-0.02883640858071509,-0.0001735763949157768
0.011117011156414723,0.015777326715121488,-0.01933939756974157,-0.015633053008642102
0.011228052631579001,0.012115855801301966,-0.00825877509048128,0.0034818942110358122
-0.01961800415340285,-0.008950491400491286,-0.02939152629769674,-0.0054596337699828615
-0.019584247029449407,0.002107093905055418,-0.005922313185856058,-0.00902934537246055
0.012534836569199737,0.006750908776181295,0.009897551658273886,0.015008743717430028
0.013737266885122756,0.0005215018341996354,-0.009123756240316812,-0.0013878903779995441
-0.05469701337037685,-0.051402684289992805,-0.06684952005485092,-0.035948325908476665
-0.038568918648672165,-0.03772925764192134,-0.04853198450666715,-0.03469423514981596
-0.05759887331018175,-0.04146811510386853,-0.07366983413488808,-0.06602475928473171
-0.012927200054414847,-0.02210522807017549,-0.04961636659449736,-0.03161916206360043
-0.044681969511126636,-0.05347218935667317,-0.05837654375210553,0.001469526110755492
-0.06619668156808799,-0.06699876425010767,-0.07146522238108313,-0.014158631330550075
-0.035441295423187996,-0.03342616701647222,-0.020811304747595988,0.02209131075110462
-0.03581919610248346,-0.07555472130247835,-0.07146642617135018,-0.0583064205846279
-0.04882915229624256,-0.09011977773919087,-0.06512037582730375,-0.03888477622890687
-0.017673030191458088,-0.06876087380036434,-0.054068409856408435,-0.017492174231409106
-0.04180125433077667,-0.0733865210511195,-0.062159805756632096,-0.038004322766570724
-0.011738793103448332,-0.04586506028218422,-0.0544050368550368,0.02648121446061296
-0.007181053080812871,-0.055195409146662,-0.053204617151806556,0.029007556144749747
-0.03818440201729111,-0.08184315680880323,-0.07564476371819287,0.0007496439139872529
0.01543145302223465,-0.07400976243902428,-0.07352685683168528,-0.00205955813518062
0.024618262419150282,-0.013776635080393737,-0.06447116334677062,-0.0035263919167336276
-0.005059988660794694,-0.036304229442730075,-0.07266375545851522,-0.015393138553157888
-0.020033701554015976,-0.03645066273932247,-0.0764072375651045,-0.01985022397564699
-0.012991852023165336,-0.04592755486445798,-0.06701754385964913,-0.002251388409969763
-0.008716561896014895,-0.019625807043286918,-0.07204856152946393,-0.004470068997393722
0.015355785941730916,-0.0016571533482386846,-0.06854489037184144,0.02128462987379921
0.0061914072456174035,-0.034041768731988525,-0.06633004990128917,0.024646560947649915
-0.0027937791542891185,0.020003790436129147,-0.05706231167774413,0.006769481007897648
0.015068732341307208,0.028435056166600955,-0.0642472825143254,0.008231954944210437
0.0378295758502101,0.017990985419959107,-0.05200696425841123,0.0018443194053057437
0.023505077096652876,0.01909754727579111,-0.05569047633050797,0.014917005129274559
0.014967240131576418,0.006867093413751049,-0.03931292652181825,0.013261094261092812
-0.00036886756973691546,0.005192934168877393,-0.05028910110390748,0.005752495931573448
0.022748405318881112,0.027153482129083042,-0.056912001375515775,0.009756958762886582
0.016623066555415327,0.021200769628532266,-0.05437805673422417,0.0
0.003340155935055727,0.00707768685188465,-0.006796454937480803,-0.0033179723502304095
0.0018409057437407837,0.025051761160293767,-0.012161953167544086,0.004058985164963361
0.005879110784493851,0.04604508979747796,0.007916053019145797,-0.001823117659913121
0.020092165898617575,0.04061677322301624,-0.0071762107220590616,0.016718721293404442
0.028966770683269964,0.04340503192881143,0.02292736610418195,0.03144072498612915
0.03354605409466015,0.045555107975744906,0.04382246282779484,0.04171262556826997
0.03527462796252066,0.05071782489804539,0.014949531700288116,0.029223707762557068
0.04235252450527088,0.052670899277719486,0.0737283073450826,0.018431532345500424
0.04355022210768911,0.053813361547844774,0.0837786036725723,0.018289420835574565
0.033059378995433784,0.04123713181148747,0.059970013868627985,-0.0022931381600483094
0.05149980122876756,0.06907953334558149,0.08949633027522944,0.03265308012965681
0.04106152053075124,0.0702304331797235,0.07757980553860791,0.030163235802639587
0.02134420570372563,0.06826569984749632,0.0738131333016741,0.01954571192911238
0.02999118118868429,0.05815867121818304,0.08689136378684023,0.0261669019418864
0.02945349486420354,0.0659562741135404,0.08855536751511014,-0.0029214470342231336
0.024652191853280717,0.07619750323654521,0.08381449215523361,0.002239028552548604
0.042256010568316654,0.08324151353331546,0.11037862120926721,0.018134697128335153
0.01752878531584101,0.08146116894977175,0.13125714558654947,0.020158476565153863
0.02170167031171771,0.07191904589808451,0.11545693869875895,0.02240606687349185
0.022797909402490223,0.06186123363815672,0.10795135438818801,0.017700670522438112
0.03325292844154167,0.057858565141269504,0.10604942629934662,0.017302798688671833
0.053602223371251236,0.08482703051737465,0.13984709789582142,0.03242698923200449
0.06513148419198282,0.09971609120446964,0.15763912667838764,0.044841537424140196
0.041390974700746874,0.08100013944356167,0.13917239078070867,0.036642991613593516
0.03580481398082774,0.08433523542547322,0.12905011045655376,0.022678021966349424
0.042312913014160486,0.06255375601570297,0.13595447363586258,0.011451022223932244
0.03985141776677776,0.060626953830055924,0.13511524423963134,-0.00645366247176503
0.011839236087389697,0.048013780724912566,0.11955717491591927,-0.011565385430288138
0.0031081138048729994,0.056512731624522264,0.1179581082208973,-0.00016308494495076106
-0.007905743788318811,0.05980699758703884,0.1297079184273378,-0.00549894855251668
0.007493060881137923,0.06289738894822801,0.14388751618272608,0.004384475336652295
0.0029348767997757885,0.0434265811123566,0.13028298898504193,0.013678279499011261
-0.016658627958640544,0.026853572485282362,0.11050226484018265,-0.00848012067840836
-0.00844431606221774,0.029332451112609566,0.10336105890856516,-0.006993023028361541
0.021094248516809553,0.046268118097465075,0.11099155459924691,0.001778512587825856
0.02935419112850619,0.0525262289056823,0.11342388628371645,0.026174622863749674
0.028134638863729532,0.03418943179798089,0.12191665028985456,0.03980266512833337
0.00032337915354501063,-0.001774782187802467,0.0977643346741602,0.013265607381827593
0.012843456766166642,0.014823261358906303,0.09702408703954775,0.0054874113216172955
0.034210559773200006,0.025273095539765346,0.11173974342751515,-0.003802249743381649
0.06550928487538009,0.05223994655539543,0.11806150744219798,0.02910466578448788
0.04018718592942509,0.04660595821351217,0.11005848932038421,0.04170030776952164
0.01869461373090332,0.059657267633487214,0.11053541932520146,0.03210279345269338
0.010281524671282375,0.04158511089367253,0.10044793072970491,0.01574424275215899
0.024890916840001834,0.031224555822912475,0.0928990003447086,-0.025361175080269704
0.015409293987308144,0.022797090470399104,0.08712835688483175,-0.01846391086721064
0.003657760756078819,0.0260120801824769,0.07056827700477895,-0.018507028685519764
-0.04242236527581808,0.024671053037352845,0.05218713143366201,-0.024581180907799923
-0.03429007141769144,0.019325269909510764,0.04922457855697904,-0.018451316826998892
-0.029860060815238277,0.006778599205593865,0.05336035033163874,-0.013910797151779912
-0.017848739906822342,-0.0061786914793836275,0.046022994063314976,-0.006021248518123142
-0.010408452925406033,-0.007434371916571204,0.02650088292980725,0.007223130131992463
-0.00632306374717252,0.016001325618253154,0.014198144562762183,0.009961423201753753
-0.006179686164162689,0.006741605244648619,0.021664799180074922,0.005450464805218638
-0.02439807422789851,-0.03339697784037891,-0.008967927312312884,-0.031085620915032686
-0.008515472091405036,-0.05149091766034161,-0.0019408538916106937,-0.016573721115537794
-0.019397290487379128,-0.05089215132158961,-0.006658070585967189,-0.026885188881877322
-0.022796126255380158,-0.04665635863189624,0.010217518127883981,-0.022640337649229368
-0.01274898804780876,-0.030061030688289185,0.010273988910632748,0.019249786430565817
-0.014794797728367793,-0.023340167166062086,0.007155602304257574,0.00356507865119227
-0.0030293685741492075,-0.011539662078395995,0.010994357671604083,0.022233137885667366
0.03504443953676275,-0.003169085673124935,0.0227605599987175,0.026264290803658854
0.02657590384987684,0.016853916803433653,0.04194077371613114,0.022598821265555735
0.04593758528486461,0.02795626516850048,0.04782179744805437,0.03310188922977551
0.04828716228853446,0.030137880247869828,0.037120772064570186,0.02766676839383931
0.029217061675269426,0.016419544077793818,0.010139401301321363,0.013511333651247917
0.03972225092846768,0.026135442231075747,0.018506769716754665,0.016416748742438852
0.01439310753867121,0.009067753594213319,0.025214175290353566,-0.008596436386370697
0.006994086790653359,0.010044594865360348,0.016853916803433653,-0.014161281849944553
0.014996133070122661,0.05791385419404182,0.02258272864849356,0.00846933840869946
0.003907517974366982,0.04083623465947541,-0.01275737819727564,-0.0024847958143314566
0.0,0.05051502535605773,-0.002947944279966315,0.013085322402648595
0.011292425071907834,0.051876085674976875,0.0027993777854099415,0.017837490697316154
-0.00031054512052416895,0.039063792751189735,0.007828464190206063,0.0010886469165482492
0.013400583320195553,0.03794605199418705,0.013720217631288553,0.0007783901240049336
0.013417506343094073,0.026707148995796397,0.014859295442911539,-0.0009337845958984543
-0.008553701000604989,0.013352408202193664,0.010141007603533442,-0.011321385949687323
0.01043124659358967,0.02446730937544783,0.041733596175499155,0.0082336332965528
0.008558916633709302,0.012972772741481654,0.041291708184713685,0.008245161920428614
0.0027915786542380325,0.006224743036889427,0.03655022384497879,0.007165218403359186
0.00031064158875378835,0.00988081900504451,0.02646260162601636,0.010039200000000048
-0.011356565204675935,-0.013045504162843726,0.01274898804780876,-0.020801278249575415
-0.013084050455640976,-0.0011035629828157467,0.007954183774193704,-0.022373044973709094
-0.005333333333333387,0.0009471507797047953,0.011001259390923689,-0.019331950551688862
-0.023112480027350384,-0.01399690447914914,0.043106335029719306,-0.015375011886550929
-0.021910184289775633,-0.013078062599498763,0.027224113226772206,-0.0025177026359984142
-0.023662278152658336,-0.017584826716936612,0.032041900671633185,-0.003630050447757993
-0.013822006737412794,-0.015198556985178746,0.03588908704549898,0.0014193344898281567
-0.019512163957705175,-0.032002515208831,0.005811137920724157,-0.017192444252604296
-0.01704548584208514,-0.031113877273084695,0.005651525916357127,-0.017510648643487225
-0.01372021763128844,-0.02585663672227274,0.00015995522405173982,-0.00934579424448296
-0.02034701828558308,-0.02572547450980397,-0.012716563344460335,-0.021889748031496112
-0.02019242814627598,-0.04298922825919179,-0.01957374963137335,-0.003209757611783746
-0.029304640752342195,-0.054466889506770186,-0.042200703344795254,-0.016056519204504162
-0.03307083464566928,-0.050417596633616044,-0.04450669018030842,-0.018228317585092395
0.0044936446077091805,-0.027954636247160054,-0.018350031943225587,0.007728207893604872
0.009152199890048214,-0.011014964768134777,-0.023916773162242225,0.01191429702279352
0.0051167252139954445,-0.007891414016865309,-0.00898626832728997,0.02578332287505423
0.01819354341984313,-0.002680933606686637,-0.0017363220753377519,0.029967425733960013
0.024633681780169447,0.0037854415209640285,-0.010264447421565449,0.016775826809394465
0.03785899213216376,0.003312809643678907,-0.009808578087720113,0.011933174604078747
0.027524396497576705,-0.0006336290094466595,-0.018207313470049325,0.003658908627761659
0.020290797251957076,0.005669307086614125,-0.009615415185387003,0.009803905445796792
0.04264122649614093,0.05167706545214153,0.018020754170230607,0.029698303420777873
0.08176899329034377,0.09184330590628308,0.05787182728487591,0.06918242355919572
0.07416188886268552,0.08618482433346956,0.058099737917433406,0.07671580282136635
0.08328100382276882,0.10996620334944143,0.08141179607843148,0.07954902788053526
0.0888365122275633,0.1149573158113458,0.06702616126267606,0.0567679086947643
0.09430973212870503,0.1266318884894239,0.0652677539042666,0.015294132352941232
0.07046664468420538,0.11335502888094362,0.05722234412481626,0.006330060356248933
0.04639098193790586,0.0955424189167597,0.06491692910260784,-0.00536701463977349
-0.0060294705882353045,0.07541763167597873,0.06357194435203689,-0.02397117689530687
-0.008096614161637034,0.07190575768524099,0.06344690556428505,-0.02404409003412385
-0.022918493678024694,0.06514862222806382,0.06229302949061663,-0.014628437468864285
-0.030324880866425985,0.055154039207323015,0.05914826311835132,-0.0207087355986582
-0.025782140414511344,0.05754723451406399,0.06105068719120814,-0.004882290568562827
-0.0014628291184489136,0.08194645744174982,0.08126090477964669,0.013060330056114384
-0.012687808079334943,0.06013147416017108,0.06614168503937001,0.005047446480887067
0.0004439562328128807,0.03189385063167776,0.08521909669043333,0.006999270081927866
0.00014844168069642487,-0.008970602941176424,0.08204881313501637,0.0019327534364331868
0.01350944160466991,0.005005108199617205,0.09162129690404078,0.00014642542788093573
0.004318689372488868,-0.021758049847460114,0.08581550336796823,-0.003840398988496105
0.00014860243388044395,-0.02859210108303244,0.08307834353440127,-0.005176071938358142
0.018605288057272597,0.007097305806817701,0.13462793953374588,0.031755453802573885
0.010487548470644755,0.0007314657587556764,0.11416940996190847,0.002050783743259826
0.011978659628276116,-0.002041709202274849,0.0933056398785749,0.014679685211159985
0.009051803072441014,0.006066045631960101,0.08194116410313967,0.0108518363691914
-0.016991299999617793,-0.0040070645892134145,0.06761056208064649,-0.03480509182806125
-0.004893253117044836,-0.0037114013700801462,0.0611954281721876,-0.019003112468755357
-0.0017837818544871194,0.0,0.055154039207323015,-0.018705217010083385
-0.043290695286792684,-0.011002155486108913,0.04591193540603577,-0.021764749999999947
-0.029820214599022735,-0.02768823534461665,0.05198926929782839,-0.011026642660905339
-0.041356159579132065,-0.031019188966876866,0.027247055633462997,-0.022500416890174055
