0.0,0.0,0.0,0.0
0.0,0.0,0.0,0.0
0.0,0.0,0.0,0.0
0.0,0.0,0.0,0.0
0.0,0.0,0.0,-0.029016639306541393
0.0,0.0,0.0,-0.021433989629630536
0.0,0.0,0.0,-0.029806465284742848
-0.03763299829925451,0.0,0.0,-0.03260732432272908
-0.026664967253512337,0.0,0.0,-0.004436982846981259
-0.03367740731964321,0.0,0.0,-0.023598435769972625
-0.023563864776027576,0.0,0.0,0.0195505128155948
-0.022837139202980382,0.0,0.0,-0.01408830846783034
-0.05462841009974406,0.0,0.0,-0.04954771592287082
-0.06117825752753346,0.0,0.0,-0.05741747973578708
-0.05069136407322152,0.0,0.0,-0.059483576832091815
-0.05872325722409445,-0.0900911877918429,0.0,-0.04099884306941043
-0.03324869853500958,-0.07629486324920638,0.0,-0.001516976968364204
-0.05974436472701502,-0.06993549857864056,0.0,0.0211077052771169
-0.03846152972943973,-0.08291946354393907,0.0,-0.0013869211542463307
0.01461854916595046,-0.03993227143498974,0.0,0.024509024495665662
0.054965176088949366,-0.029074355007154964,0.0,0.028591048144465944
0.00970887804191187,-0.0317861164426974,0.0,0.009988929384240033
-0.03286449054082231,-0.08558260923209128,0.0,-0.035416573380544394
0.01325958490211395,-0.03840604524933865,0.0,-0.002854329560097183
-0.018868008554623256,-0.05568177401184419,0.0,-0.050355917839048844
-0.01958316884260577,-0.07918074615075947,0.0,-0.030357074592699245
-0.04485516383945539,-0.06156509821167178,0.0,0.011807026808600764
-0.04297029907288512,-0.01710111708771899,0.0,-0.028489640907662196
-0.010989107293654625,0.019974329509916303,0.0,0.018099563956013528
0.07732172897553578,0.03772544264873347,0.0,0.059923342686874936
0.0339422446559066,0.05625961721987537,-0.03890006631202052,0.07940805803640326
0.09191188952511929,0.06657451289614442,-0.014799643710355827,0.08348535382360277
0.10100573163253963,0.0782464239007376,0.0028387226546032996,0.07944455049330292
0.11911197320755737,0.09222227413497491,0.0016557890929616286,0.051055898922427054
0.09316687507210886,0.058991579868450356,0.01670364065377478,0.027158865824842893
0.07680563353361004,0.04109038759715441,0.010821356073618178,0.004014478167038167
0.04931844887972859,0.07843406701035223,0.044154836180589435,0.010164693902614581
0.0321687141439213,0.12728580456905214,0.03080974406373534,-0.0044506233753001615
0.015281054329430695,0.06870234647591074,0.027657715799082525,0.006289320930952382
0.003731330464269236,0.10308269128586636,0.04166109015330987,0.006191164949203308
-0.015005036558939647,0.09732249058908617,0.010435677016232577,-0.013374092641851801
-0.0038505711219633475,0.10445433774537244,0.03645849797177166,-0.008685592251192887
0.02450660484286844,0.11449412416191736,0.09543502965104958,0.013137652725506188
0.016303655792977594,0.1081945536870203,0.13032999686345947,0.02281760089261998
0.03231566055234052,0.08019244268060592,0.12094318072654843,0.043377124236731304
0.030229578310234453,0.06486486400935147,0.12477375364941223,0.04071637518121442
0.03755926259614957,0.04817400994772318,0.11795568409039128,0.019010476067721188
0.059643713654214864,0.05609884271900046,0.13873480044746977,0.02870036381470179
0.055018629491980955,0.04120046040155041,0.1372223346901643,0.013115665899339782
0.059801162769477036,0.08047746013950334,0.14421653252538325,0.042218632632481025
0.07344282583688143,0.10473372003370611,0.15012765678153736,0.05819132978549158
0.04627574135672877,0.07706020987259536,0.16153842254792655,0.03021436366645644
0.03429483676762803,0.06705833611089494,0.20287971494488427,0.020273522475873322
0.04979000740333154,0.08380098000524958,0.15826065044450185,0.00938464005808207
0.02863049429055443,0.0822970665897723,0.19386316098464454,-0.014244132767267699
0.03212015183353391,0.09101469262801733,0.19719495978386228,-0.0005912843233545389
0.01603703967696671,0.10204863669327899,0.217162397202266,0.023820961444081346
-0.007472317397842834,0.07025059072770425,0.1927879947468474,0.0004707426198310205
0.006977270906977016,0.0671762760646129,0.18263893695880007,0.008527798983357792
0.01939198105055155,0.05369970902368123,0.13819846254213392,0.0076914450730067654
-0.012592762300265927,0.03875189997795964,0.10613040070948547,-0.019057711190166676
0.00047384820275716075,0.043612591728255434,0.09388759510374158,-0.006352182245285019
0.019287729947251864,0.04946396138466552,0.10833767509364305,0.011626647912344933
0.02548809833944662,0.07120171068861716,0.1153357143519166,0.029943564701525382
-0.005646312331558501,0.004157816583658605,0.0849698872415407,0.007509094875536887
-0.004932507687740739,-0.010741517555108153,0.09286720338624412,0.003077921191390204
0.010920572910210197,0.018093673987188724,0.09654818617460317,-0.0005805200631237598
0.013468475658305862,0.017835792304499595,0.08609016697055379,-0.030555217794642167
0.04392088367389522,0.037778004445793746,0.1247448182462435,0.04317982709288729
0.02101230481807327,0.04169147617569533,0.12741962895652473,0.03800321423447596
-0.030555217794642167,0.006153118192409417,0.09772783498141274,-0.012312696445080266
-0.02673609211234303,-0.03811522361933827,0.06004380646632778,-0.032459062652162606
-0.021597925107582214,-0.024820598160610927,0.04368633088409543,-0.059877491943146385
-0.016610570912404945,-0.005754562942422836,0.06103514301333868,-0.03740773039041175
0.023050641764088824,0.021488867760614927,0.07634252273028955,0.023050641764088824
0.002381515190098839,0.05351616720037338,0.09434192033688565,0.07438914278306293
0.018305843604808594,0.0602581160202949,0.1064987203608573,0.0803377934902336
0.0653886533723803,0.05165998194926331,0.10367925068619971,0.07004490302858717
0.06332795441858403,-0.002622289511282389,0.06839270967821065,0.0056328433089975405
0.05705667137571794,0.036673273590982165,0.04098357091975441,-0.008598269229351328
0.09166086276504949,0.09075900881494055,0.0790426017733625,0.03193388718368353
0.02333602900752707,0.03403411664705367,0.05274359284529614,-0.017330832365699933
0.049666252962490144,0.09114431698757426,0.11060574039959971,0.060585326514170985
0.0059178091576208985,0.021660298101565698,0.06025658538533761,0.02807262449186958
-0.023291744560559793,0.006026060056309676,0.04796877157127595,-0.04263152951023165
-0.029721081142400515,-0.0017641186079794383,0.0043781447541296524,-0.04650640619009138
-0.02225260831592697,0.04144886198653918,0.0017538057238168786,-0.07652508248570247
-0.02261422827691169,0.08962599625693346,0.06258082725848477,0.002663924935233036
0.01797347908140041,0.07039924985638844,0.06423956999956767,0.024186235543431238
-0.015843964557463747,0.04966090754847686,0.07221693198427312,0.07575402279136013
-0.004440048789917274,0.014707535122870452,0.06901079323198474,0.04680200692395236
-0.020117462710874553,-0.031933898348981464,0.02639994111962021,-0.04018589882858743
0.021324223938543326,-0.043051112246110745,0.006384850021622771,-0.043367902268888744
-0.01762382098894947,-0.03783724539325211,-0.040360314692803954,-0.07819519648395122
-0.07793636076199857,-0.04952635111850972,-0.014669370952059705,-0.07135683146484127
-0.10516436477744871,-0.12259253275700598,-0.04295990070320442,-0.06470591546190346
-0.07961878653015404,-0.05594237627079489,-0.023812208983254812,-0.0305685798055071
-0.08852708513306282,-0.11888332870987486,-0.03857455151877141,-0.02875120862554852
-0.04659758831338532,-0.0824731925573065,-0.06259928839191987,-0.0075640770480008565
-0.05433150681651,-0.07346292232507085,-0.06787955425060406,0.01097542250577364
0.026850448078151908,0.01826107574851772,0.0164647424370086,0.028438718302955728
0.020890790458036657,-0.007586414477811041,0.03354799926206467,0.04012224929109994
0.0458749173247292,-0.061109247943036106,0.023039771086490784,0.026010225430525287
0.030342609216923246,-0.044471378407592944,0.022797119768821362,0.05623324255792148
0.053577881824718634,-0.05672982459446518,-0.009886171620415362,-0.0034710056792690786
-0.014033355023997158,-0.09131456432108286,-0.07795004136019434,-0.041514796242187575
-0.012320090867049546,-0.06609004461086099,-0.09591343019335957,-0.0452776934451307
-0.04928849121507617,-0.052139858262986595,-0.0929462916185212,-0.0510452379391155
-0.03339997765667185,-0.023523763671411596,-0.06047093464605564,-0.04574478379963458
0.011908985351216471,0.030375722281758905,-0.020655027523955545,0.05300617568117112
0.00565886380640211,0.0738685297061586,-0.05777973319856149,0.07546008864129719
0.02647163743710748,0.05199896230370954,-0.006852359481970347,0.07594021856462427
0.10993870747985461,0.10654427743523871,-0.02500538963112574,0.10062052928407382
0.10473027693774864,0.08214389958045545,-0.0071039626243579795,0.042297927370350125
0.08299873226169895,0.0855086526218864,0.005764014791132451,0.021933819979221416
0.08784525201957524,0.03447881761955766,0.05336951366834545,0.011310949370566195
0.035422909651016,0.04504285705239643,0.03711472879172112,-0.017687453409154848
-0.017110726162913897,0.009197029085716,-0.052474242388058444,-0.04315269742084032
-0.025675761532833276,-0.005196835842964251,-0.04943710379726259,-0.0320259822466194
-0.07174450744550505,-0.025078429413260214,-0.08038555910600646,-0.060843396954227226
-0.03275579470382552,0.061595157908487005,-0.035343941421297646,-0.02633347104423435
-0.04517357260125054,0.04940106517228712,-0.01995389803963438,-0.00724380218391666
-0.08488980169671416,-0.004259328739711133,-0.05617710620591373,-0.05015093858206449
-0.09126713731052224,-0.017520416748860772,-0.04063203427724753,-0.03834698563134602
-0.053043629071266696,-0.05558150975072763,-0.026894115973157696,-0.0632224579666941
-0.08195966744932777,-0.09186955883978742,-0.024787298369877343,-0.06931860738327142
-0.07967114203462965,-0.1258906501263418,-0.08043787099294138,-0.05548760626390103
-0.06102641078351078,-0.10192354857191988,-0.006238641972911822,0.006068111906680908
-0.038366423895505555,-0.08652879337500322,-0.011492706308362001,0.008143270391100372
0.010266316178217733,-0.07113163676365793,0.008294645439778642,0.045270537883551204
0.0273683611666027,-0.0721396839757438,-0.040148157363118345,0.07349875300772364
0.04959906720355748,-0.04265130974402749,0.0004704104604712334,0.04714429200915871
0.06942345989222404,-0.011917187143931808,-0.0028297607749984705,0.03500183404717486
0.09847293617464606,-0.014511364713641837,-0.01963278737633191,0.0269780213256267
0.012186140731471997,-0.020721617330545488,-0.04528038112625303,-0.008799338196978666
0.020193329081703907,-0.036523324508644345,0.022822173459389798,-0.02010103538692713
0.020808265028724314,-0.006943591937908798,0.04211445239652392,-0.0022466831145791515
-0.007232365954099048,0.006599743257582337,0.002312304041739469,-0.029803300492728974
0.014811344296010652,0.06910220946930648,0.05037109321227639,0.04986016295161418
0.03239913527671908,0.07723636789509929,0.01736194420909941,0.04738481229036364
0.049240279130811415,0.1263278247211729,0.02285258435506134,0.05558187827425956
0.0857351130123409,0.15527935071896826,0.009840482179419312,0.08402140204225558
0.06921782546462052,0.0971197142129996,-0.014702620267799917,0.032433708991936074
0.04207150883911055,0.07612277194360567,-0.016992833036038286,0.007101099612344808
0.08329291726983423,0.07936130793873879,0.0025845714456936945,0.0016840125556833179
0.0834009295745338,0.12741093781980395,0.04607986905468633,0.047603105797428484
0.06700266941935422,0.09509822946209329,0.04839085567716946,0.04521488887213321
0.06040185179790254,0.1168261739706011,0.1035167474481521,0.07414987258724906
0.043122863560873935,0.09706690519967341,0.08114696722305462,0.04382433507403012
0.04162456009916106,0.12902834143468947,0.10563304818813937,-0.007377344246328027
0.06527917958765507,0.12368033680787617,0.08263979522265934,0.005474366564320227
0.03754773761763285,0.09706094816183257,0.08944340460678149,-0.019904596287920708
-0.03089916637295864,0.10053434682269358,0.10779759095787443,-0.02673685085101272
-0.03789183044381049,0.038225438603958675,0.10996911033873202,-0.03457558313533659
-0.054949617043406215,0.022334257500094292,0.10129564232413474,-0.04708008201729068
-0.04005159325502962,0.003704917439378908,0.13050077632144008,-0.034244429392012686
-0.012171532191617814,0.027217710162599742,0.18672340924367353,0.011804843336249099
-0.019323156998005638,0.03062936194999759,0.13072379104210746,0.02488000697112893
-0.03435244494209295,0.01660415178431273,0.09399087778751267,0.0014563745873125116
-0.01842458075967285,-0.0028020624436641546,0.07633687015461943,-0.004809865879717844
-0.017851233045901766,-0.058804726385362605,0.061113846097445315,-0.04012646779183797
-0.011315269617472848,-0.052705022483828794,0.03738105265629256,-0.03929884863717653
0.00033557047765939895,-0.0531497757424615,0.057467113280752366,0.0004474661650083081
-0.03063998774199262,-0.045420432339367524,0.04723765206029232,-0.0007867596172968249
-0.014587394812210944,-0.024989229856971867,0.10081479269554229,0.028285847984473114
0.004250990091722179,-0.041635520975892716,0.07689532057451365,0.017223716324474336
0.01663484395425911,-0.02290166236890315,0.07193642872892152,0.011405568856342743
0.06281955514844359,0.03221533539192082,0.13598842991591514,0.05241844887316466
0.08056643443544888,0.06392938819492704,0.10459855570231955,0.0534687827423587
0.07883258590648541,0.08088721440030684,0.10502802777528293,0.07474658988168772
0.06332951773543005,0.05738248450506519,0.0612999993120018,0.04510772902330335
0.04849757173996745,0.03489265417038419,0.06306006248099727,0.014429222198219578
0.049571206948786854,0.025691358090049247,0.05710762994597395,-0.011954573401670525
0.048645661661519894,0.06108064728863593,0.07869899141161324,-0.016894673170874955
0.015177383821778747,0.06755084039785701,0.06455949628127608,0.004760415085799502
-0.010696309846632892,0.07168008067462915,0.008660226757914257,-0.006005753071155325
-0.010986733457356495,0.08124638909374075,0.024259273845996455,0.01273608548630868
0.0006347826630562597,0.057698760096303085,0.001482308194104991,-0.0027411703265447576
0.004319829494138775,0.07221589588791225,0.02351538633554099,0.003579669630275108
0.03205257839023098,0.07423774079659042,0.04739336697079025,0.030739943898723386
0.015076478968575073,0.07251874081107088,0.027863864280993484,0.009012848838191624
0.0033691937277980123,0.053620808261048085,0.029491140245402718,0.0075061001689356414
-0.016535850809585907,-0.008336896287364167,0.02360986319453156,-0.02664701258719133
-0.0018864180209321292,-0.0012583474479963357,0.06259059536444365,-0.02056768904074748
-0.007928967289015305,-0.027363174848684828,0.05131070856096336,-0.025342801717188383
-0.015211866731836284,-0.0069818687807445745,0.049999978747193134,-0.01500528856260999
-0.04319208322502542,-0.019702856166890624,0.014502313057093432,0.002802328148256674
-0.03676779109338572,-0.015707949145753384,0.009579850397932032,-0.026249424164283455
-0.017943452256296313,-0.013284228008603256,0.04698501003453737,-0.002664194459075223
0.01659840518635621,-0.006948789657630344,0.060132654159105806,0.004793885364363419
0.0039898784542992055,0.013567947166439965,0.08622057938854863,0.02772992321034346
0.0172634916005274,0.0004192727075184861,0.08169972619479068,0.029329351189589594
0.01928198654614513,0.011523395950478132,0.06988704170522257,0.022331523085949292
0.02708514675627421,0.0025179293191099706,0.07491565972858417,0.01314675600428418
0.032240630064347985,-0.015528599980934754,0.05755633263533708,0.0011504393586723566
0.030452145901892633,0.0016618508163211353,0.07430110695600746,0.01026610066137345
0.029898230066402576,0.019307439664489914,0.07396352844579937,0.015259229317747218
0.011713178384608319,0.042681678005916254,0.03398894899564609,0.012348304730027815
0.021160632060417146,0.02351956259108079,0.022231619361519978,0.018280602647442877
0.026546844756247627,0.046675203964546184,0.01803484734868145,0.018456998214304566
0.0058601820848019045,0.02396935225214284,0.01682013259921436,-0.010500308940825811
0.02580177717638099,0.055460029138097465,0.034664451994087346,0.01509194686463592
0.015864712989770425,0.056394210226182795,0.039800423694081606,0.0050266825512911215
0.005661920996540775,0.0438082004689008,0.029942014336622063,-0.005396049794892457
0.011990861609014757,0.037955916835922004,0.03074337949593633,0.018518529114808887
-0.003180129355238108,0.016210083268151227,0.029997967987937062,-0.010488808661360675
-0.014661006203557302,0.013827686554889898,0.014252756833988972,-0.01214661655883935
0.0029130150113355954,0.007525104830162268,0.019135215543167217,-0.013205036609559523
-0.02219956234521576,0.004813750522732514,0.007343800525418554,-0.019203248213159215
0.006634643393719752,0.030189064567176693,0.014191670678779642,0.014922260264343373
0.029481001729458663,0.04282446895351156,0.044557487648521604,0.03916101709942025
0.030439182839147635,0.038501101898686246,0.05855189926510142,0.04647300926265462
0.06864252482521055,0.07339247163950544,0.1192066634879974,0.08144126054099407
0.09289112995746053,0.08504308837826068,0.11056282720939278,0.0725005418267191
0.10217834236886295,0.08175516354580341,0.1322463064440048,0.05647800705450944
0.05373873039554402,0.05264248910346367,0.07787364772035701,0.002973820498894832
0.04583253168699309,0.050305489310233154,0.1085554623512824,-0.006741082953483705
0.008849607503220131,0.03562319149980957,0.09402634347636019,-0.04074874843736431
-0.00475813857029237,0.027740782634252854,0.0727642568699592,-0.055058781652272515
-0.03958005890459281,0.018692533196570583,0.057357942267954334,-0.014330856608972816
-0.0910466793339508,-0.010600061965821207,0.0054381934152164975,-0.06786899491734615
-0.08762346236422233,0.0016532755725268437,0.0155038231038225,-0.044549614733667475
-0.03192335599506797,0.0160787555207482,0.02372485467174265,-0.024402441454225075
-0.04818699918943818,0.022391053481123493,0.027312588949255298,-0.015642314405070468
-0.02838556025247973,-0.00040550600734066446,0.029771316712798045,0.025379792530142824
-0.028187262360320056,-0.029829999895217504,0.01171701515389806,0.006498824148488745
0.0054146195272471885,-0.006046758764454544,0.032221536258884666,0.023685648155342135
0.028084182243420068,-0.04815089931786837,0.02170765880903373,0.006825018452199655
0.018465030296448293,-0.06655950836363884,0.012823153862439311,0.0015215560504560181
0.005615181787907566,-0.07294111745314043,0.0028507331060678358,0.009531649658828354
0.01701135940841061,-0.013243714827176477,0.03870159216280817,-0.004288451224489292
0.033982470055566316,-0.011731656228677475,0.03798366637455261,0.03126256481431907
0.046223196447482115,0.00611067403705145,0.041951547248275815,0.033930852505320734
0.01625607874976457,0.014940249747520071,0.04309548660252033,0.03451775739616126
0.026912160250880123,0.017747939614307554,0.03677222676128931,0.016626653309758637
0.011141476980383458,0.03838159334174857,0.027374684108157882,-0.020602365378468677
-0.0007106294636711166,0.015370353112022167,0.01704904011389023,-0.03575618457938451
-0.008914233129756075,0.010209383379730137,0.02645229307985861,-0.02894992262798907
-0.029431993988381276,0.007741683504743592,0.03030608143525573,-0.02532028546459747
-0.0432013360977188,-0.009231121650864467,-0.009632884382921213,-0.021636753346604573
-0.06496568459134507,-0.023470340686947335,-0.05260022032193248,-0.03200250939740148
-0.0668965412121584,-0.05545025486614839,-0.061161719315999806,-0.042849894318541124
-0.04407492914247271,-0.03450027212135331,-0.08098995230986733,-0.035378512917852885
-0.015645646652010386,-0.01863667616022028,-0.08395573652110251,-0.007986075642036409
-0.0033350682495273936,0.0012182436921448223,-0.07181173381723088,0.03505458905782111
-0.002931274875938549,-0.012019181171261361,-0.025103717390549483,0.041495078839976614
0.0011262107215385768,-0.04071420782482405,-0.05196821896367776,0.024625380891717324
0.04418554060985972,-0.025372259290613604,-0.019416626859670643,0.02683447235848634
0.04487370827020053,-0.02885186570510443,-0.014342670036900528,0.0034475463464866056
0.05061304833318804,-0.012216768351800062,0.005314348795517759,0.016423337222786313
0.0285891529425191,-0.0017028348874692392,0.036613400938100345,0.019226897902443748
0.008821710128690154,0.010768983033861937,0.026304859217771936,0.0
0.023215662782475385,0.020010055786194175,0.030423729496895355,0.019907065270278284
0.001636357194360284,-0.01000700576241028,-0.0023427933291094143,-0.02313983665679211
-0.012463504997185825,0.005938343462149853,-0.003347595759618335,-0.01414815343903269
-0.03647930808739674,0.0007347397688782677,-0.02275284551076089,-0.041612145687828506
-0.033014183452947515,0.023651092310437032,-0.033110621652187894,-0.03943324320397642
-0.021272395719978115,0.022110437896180588,-0.013152650349313231,-0.0040841740249942336
-0.01929839354397965,0.007018216606387579,-0.011749255783948224,-0.006921150338625557
-0.031903261581414884,-0.009227297255805761,-0.008020294660338368,0.024750907443705738
0.002144180132972953,-0.0049675688863160365,-0.016927043947152044,0.01237754550922747
0.007022931511963421,0.011863408134568753,-0.02933380895455684,0.014353137909724856
0.046565181400098625,0.003015358599869055,-0.022433407150994608,0.022752845510760736
0.018359990253495755,-0.0023241008580681187,-0.031108911917330447,0.010439054558280982
0.012712754392938447,-0.01476163988461729,-0.02679806870145429,0.006418716249831412
0.02008818407812051,-0.0013044751901994437,-0.003005088771804973,0.005963189811855375
0.020878037475299645,0.002613328208970622,0.013410454129976875,-0.0004008217695286702
0.02455423331551332,-0.0036658676515207017,0.01627083391846174,0.01853539994914111
0.017889640186199113,0.028282642723421052,0.017992612392301308,0.019538409178616902
0.01563291083318715,0.031552163813728294,0.03767787486157808,0.018285934257493443
0.0125595262335902,0.04845307864074085,0.04922341881342106,0.002205604208822667
0.02702973356085865,0.046415648676686,0.07116452177862415,0.008850397949036658
0.029538802964889414,0.050543369414253234,0.07377134334093138,0.017475861210441555
0.03127818828603976,0.0543199377466834,0.06171938344222269,0.014997464676535326
0.04116945189285224,0.07153822682426675,0.061650825084400215,0.047314174252183136
0.02740537158772491,0.05420271013726162,0.04896588555451372,0.019911307239718193
0.03630980867131491,0.0615524156051315,0.07414604516769252,0.024982932808470294
0.06301887566321551,0.06493645369636811,0.0681476189903355,0.03305149538753014
0.04741256071439033,0.0762686129089066,0.07376725610213322,0.014899713752143814
0.03845026049094501,0.07724231860713429,0.06134045543138561,0.02841400515980669
0.041703163383516595,0.07666026478052326,0.07525578817684352,0.020279901755852994
0.02225405963931241,0.07298253289763822,0.07578658841859237,0.007151604602627477
0.032666464971278654,0.06254969297007329,0.058654526422481035,0.005552390466960377
0.026468648064532196,0.07049942339182438,0.10077597611924359,0.013156706062864792
0.0175025788280649,0.0668968840672403,0.10055978932568616,0.009051904195871735
0.01581023933190606,0.07972385715543805,0.13203980211647454,0.0085022518650622
0.01381452021539349,0.06338099930939728,0.11273851818280554,0.009639691604470606
-0.001679684684264374,0.04401292299836833,0.09678085383872917,-0.007698720119919777
-0.012986985197682816,0.026927299204918646,0.08270992616809955,-0.023027791470780663
0.0012166963567864903,0.02177651426128822,0.09487259430222088,-0.008893784080034935
0.02068449161179782,0.06349663915701245,0.12114103922119192,0.020022219874255384
-0.010080523817052912,0.019137323394799774,0.08186768748309779,0.0005607590255938833
-0.023253688524512203,-0.007904451150326534,0.056518715519923185,-0.0019879780195069504
-0.004634788826862834,0.010540156414755739,0.08761265243325868,0.0037389792834062576
-0.0030846607064139004,0.0022555118487375633,0.07967205142071421,-0.030806899445521514
0.0029343998208838833,-0.011291555319410857,0.06450309584054245,-0.010183091476167815
0.0023368199887078256,0.0018685789373805656,0.074987485458788,0.017072950329938472
-0.031988324463446925,-0.0030884138118058794,0.05926809982257441,-0.008008912646996482
-0.01541477175894207,-0.02244695339144332,0.046469972729381144,-0.011814439536732845
0.013563540949459465,-0.011745131289551083,0.054366040091457596,0.008588995540817875
-0.016297206938651613,-0.021400714547194024,0.05661699509865922,-0.014921114604213258
-0.01659636162314042,-0.027808640257089113,0.03380981964337832,-0.0153961512429781
-0.02869272541970138,-0.038044513344892346,0.004293959417116839,-0.02353159871255479
-0.03720971087687337,-0.022718723752909818,0.0035968215799603324,-0.033876101156739134
-0.024784144284014105,-0.02897745399637959,-0.007831967675299353,-0.016567357601008015
-0.0008538666561859331,-0.04307515722607357,0.01768635421592331,0.004004605263311434
-0.018248138605797666,-0.019899011756528317,-0.001142502184950149,0.019434477294288613
-0.02603429872121348,-0.02418659980690298,-0.03189986916056335,-0.0034869916446202093
-0.011441676201257658,-0.03445705133057867,-0.0242800776264385,-0.0019252408294525344
0.016810757462353658,-0.01884678820977184,-0.016633785515152065,-0.006267910552498124
0.01840376881053252,-0.007645031324331317,-0.01885026234962486,0.002192364904349266
0.019734397165997744,-0.012123399203523778,-0.010277473794544374,0.02964620975194776
0.013105393737029854,0.0015020935340114487,-0.0015909593642114961,0.028935224601031692
0.021446907079001327,0.016794782565293927,-0.0060291625276119734,0.024082589764007754
0.04111583478160276,0.0023395097473905544,-0.009433099391296815,0.018736874644908176
0.031539381700054145,0.012496440287312442,-0.00917170701132641,0.009629000283316758
0.02398702400465633,0.0216437261631015,-0.00676679668868025,0.004405633630853112
0.020734230554763342,0.04285297958469609,0.0031781454861253694,0.0014931225195635865
0.004153629759232936,0.030317698101683693,0.006910194940777604,-0.006908795016893364
-0.00965512739142178,0.01703890213103585,-0.012432295867994648,-0.01215528751738198
-0.013157867479988532,0.004273447172189272,-0.03898578946272367,-0.013065768346363353
-0.021940053308148636,-0.0014298255788785896,-0.021300385219403018,-0.023853904883064336
-0.017765357643569298,0.021092506242271363,-0.0036042495720380384,-0.012409505262911241
0.0027998041701549127,0.03636184518800462,0.0006518718913083202,0.017037398355381247
0.013138241141790633,0.03908640398607554,0.019502962598496553,0.02817963200866386
0.015793890139321757,0.027677287424504798,0.01982066237084062,0.03140506037996723
0.02574542551982303,0.023034041350271012,0.010631391268187424,0.03160400912157496
0.036595755178323114,0.027559026743480815,0.029102516513367295,0.020195487591806796
0.05450553854878481,0.03088841158462391,0.048201958306268895,0.016002971690728885
0.06358871316720681,0.043133173521189304,0.045573593748468574,0.03405830024191083
0.04253144065080206,0.0474052921942042,0.06049412988472412,0.033680909243000656
0.0435022376873241,0.05888938266957388,0.08180769450508973,0.03503004077129411
0.06385943209961203,0.07109582754650909,0.1169954751776128,0.0405540432822817
0.05693459654810483,0.07680741243626799,0.10945373448016596,0.025149998002007023
0.05509940804039224,0.0947468410553542,0.11340012533835704,0.03249418969239463
0.050692524689206986,0.09758867416286614,0.1022791613786944,0.02300377408231055
0.0345476450362109,0.10337916584319584,0.10180152608867152,0.005567603263256425
0.028744832306437706,0.09700140395190522,0.12013991291254124,0.006111349851303645
0.01277986175674031,0.06942765458877448,0.10831401740470238,-0.00648453253013841
0.0069594692807323725,0.06456359286125742,0.10617355552070057,-0.002757017338271483
0.02496936484734605,0.0865340107886827,0.11660632490178106,0.01565872520892674
0.00899187312619509,0.07686628501964501,0.10167086755750025,0.01266923899290335
0.007581528454682044,0.06686726084202568,0.0962690842153152,0.017752964120786377
-0.002768457554987067,0.04345066690666544,0.07568120057432884,-0.004146877181425247
0.005206577940436534,0.03678519112772079,0.08150502668083219,-0.013287829181423605
0.0056565663120024005,0.031601447301653304,0.08050481533895212,-0.009768680794277722
0.007775352590063814,0.0281156200757145,0.08866071425491948,-0.0025651819845841305
-0.009880716428502086,0.011222200864434123,0.0831158800682933,0.008415043603028829
-0.019794276776108892,-0.0013095425483461622,0.07539728731330816,-0.012517222253549405
-0.03377503582466141,-0.02299842741693151,0.06956938529142759,-0.022152935466578712
-0.011191047976430049,-0.01800637561643281,0.07782508022354709,-0.02288890057406713
-0.011826709462779502,-0.009689463010588668,0.09268801422910401,-0.015227125832957855
0.0011249914407094168,0.00390491175994242,0.10128509763487037,0.0113645508043168
-0.003429027327184782,0.011661292061774587,0.08189856280787278,0.02876102732010754
0.01565726178559844,0.01995681347571963,0.08580888991703146,0.03579570131646974
0.007168441110709991,-0.018654073301468507,0.06626572570689204,0.006464654945159371
0.0126549029966844,-0.019451534682504885,0.0559195831281652,-0.010891114749152511
0.01184416574517766,-0.013851989570128264,0.05208902667213064,-0.007913944566011513
-0.004979383593473854,-0.011885044737826754,0.031049209048764567,-0.03523624637760574
-0.006050601054982399,-0.007337690043576189,0.029177582753455677,-0.0019095651193564182
-0.011870942653629566,-0.005970872795282883,0.02544188628438541,0.0038451017738565687
-0.03786208932002326,-0.026232269940701502,0.0011458135996366512,-0.015087158977692597
-0.03749676210857909,-0.046025415713776094,-0.03531972130935105,-0.026426715954391247
-0.024469186186792113,-0.024128078738039554,-0.02540602454066841,-0.029220001739736535
-0.016821330531239957,0.0034512921338290575,-0.019626509574736946,-0.01288415644861299
-0.0221246967095782,-0.022811019676360157,-0.040406651504306584,-0.019455903665247548
-0.02130623533237852,-0.01686027898330771,-0.026386374944339413,0.014879583503567677
-0.007573753204277255,-0.014607961691434874,-0.010760092732890126,0.021230916144548025
0.012941307017549957,-0.010236516750709995,0.0013054042995393137,0.01472797515284633
0.03670298527083055,-0.026257836562586682,-0.006825045833422525,0.03214216225098005
0.023201649961624726,-0.008593082121106689,-0.02708685943880253,0.014927990582411671
-0.0124349244816073,-0.021410504049652303,-0.04044557157006547,-0.017719315939368714
0.00951696901408327,-0.02505851101708045,-0.03856339035395717,-0.022770720022219176
0.010840537084784918,-0.0012292537103850143,-0.013099688712869702,-0.010438440092727553
0.0003508596575522952,-0.008261614054048055,-0.015538682934435987,-0.0015758624779552294
0.005909986202551431,0.0075738228494264094,0.0015577277213355935,0.03357746116076816
0.011047399772876535,0.023241545171867987,-0.0036004032556209617,0.033706892870712955
0.03808440994772003,0.0692577695832102,0.020044736232957935,0.04228202727370259
0.06483307907124329,0.06817175978934353,0.042398827463395974,0.04559810712668534
0.06928138624610838,0.060322827601403395,0.06398231143562351,0.03879382201949696
0.06874126834835882,0.09157835420022042,0.06667833888427037,0.04602937199745199
0.06252188870299599,0.07668382182083301,0.0585306322081198,0.021927976338657458
0.02954897157853739,0.04526315829855905,0.029993994124665475,-0.0006709660889215841
0.025982912741576464,0.03641576632379891,0.025806478971125403,-0.00815106059983684
-0.0032891627117306236,0.02800977902060578,0.0010164662583418635,-0.027965118536182516
-0.014424781351926598,0.028891632209118886,0.02005028191982643,-0.030122961224517467
-0.011977069147130334,0.06081441491541424,0.03810184358893822,-0.003105102412057415
-0.03059717981223557,0.048203415590976545,0.0219369987532487,-0.011656226804064336
-0.007757654988935009,0.0568741962802507,0.05557502975306303,0.017346429615886474
0.011245376057590318,0.056646800858068114,0.04791719279793418,0.02535742131268772
0.016939153610421784,0.047779410335420935,0.05571510597457788,0.020877137003613173
0.03105431624151667,0.04835235225943785,0.07271768081050964,0.03385376976359433
0.025102154105993743,0.016024340999704786,0.08639192069959532,0.001996182349587678
0.030305649896478246,0.026417291743293835,0.0963899647996462,0.01568468905348518
0.01145425167891832,-0.008483814493487356,0.051327245428823116,-0.016986898409485206
0.003410089052899725,-0.007731559719641415,0.08313875096605354,-0.00993026704966736
8.297925458047532e-05,-0.00544686010007985,0.07081927567135564,0.000332016277431285
-0.01261641895473077,0.00486738842181325,0.05035086009300941,-0.021652144251417246
-0.049733321287359376,-0.02901471795458086,0.006344455180233098,-0.028688854254118015
-0.04200219176584377,-0.02343883965540001,0.003914422645958603,-0.04335210795424788
-0.09388025752514327,-0.05633080614390367,-0.029066662867937625,-0.07974441324181378
-0.08698934617437903,-0.08376130498656079,-0.028040784826455806,-0.09103062697053382
-0.17324266588590304,-0.15374167133860298,-0.11294912942481244,-0.13861294798846613
-0.07825073633331085,-0.07610411006000538,-0.02355827387304122,-0.03751836225436779
-0.09896437528858901,-0.10464726315128393,-0.05392839496928844,-0.027141524384174297
-0.010881709110618615,-0.05557839990155891,-0.010454492740820678,0.05227865236441036
-0.009964440252587425,-0.06228967787679956,-0.016949178064187637,0.14557850556907365
0.04625790886359731,-0.03685564071033188,-0.021421887065132057,0.04456246809634195
0.07726943011241405,-0.04199696767338531,-0.016689122077452972,0.08675494244383163
0.1788650609468714,-0.01367325854011361,-0.02204107164462515,0.026630595068014205
0.014674009592161207,-0.06573278730336751,-0.07295613005243445,-0.013565631138187038
0.02196680817874545,-0.08505514277084854,-0.09003871940746326,-0.04972850125010157
-0.03544924535672853,-0.07741774872131209,-0.0729271825532678,-0.0578251458159515
-0.005251234075405829,-0.01839535509075699,-0.046876337005705176,-0.03333906276832632
-0.004998758947499952,0.0003465817655580682,-0.023100381364272345,0.024310214204142443
-0.0333474729285106,0.022001848907257763,-0.035568339122248105,0.02793398280017557
-0.02058177411362052,0.05806693844937357,-0.030558129078281045,0.04245495762850338
0.04001424363614124,0.1752556263778375,-0.005430137871587963,0.03132150465646359
0.05505166778506586,0.047263215281557754,-0.032437819716025024,0.007622391047645172
0.06363717076513638,0.08907211727892332,-0.02489629916869012,0.03670364293814434
0.03343307437914242,0.025582799708689204,-0.03141745126568072,0.019972222123464466
-0.007449095226546335,0.002888123606139193,-0.05958145455975516,-0.02243643671412372
0.024704366741784174,0.0009479962076694362,-0.03594258351028706,-0.0016333104245686457
0.03664471329701006,0.018166363398467413,-0.024593536451306304,0.016000051877152865
0.012711159054333671,0.009610452462010779,-0.004194212279303377,0.010641929537402634
-0.0042121637068558565,0.027770457620953818,-0.03978775926652903,0.010908474070533008
-0.012255345312296972,0.052602837785635556,-0.036926446863222,-0.0006888669134957377
-0.00945007693731818,0.053227068099250055,-0.028311400405341934,-0.025381219630067453
0.016668095529256823,0.02498680428908763,0.006131808060849622,-0.018616831404615918
0.025314328406750672,0.03144225369624302,0.03179973277360025,0.027969648269896164
0.011057128501782603,0.06493732844565896,0.08836791864181909,0.03997940169401246
0.0010108331415974057,0.031868688427597214,0.09178614404635833,0.02131502546192122
0.03228587762340942,0.020133075419536062,0.19891713654093662,0.02643777840750731
-0.030673740099376158,-0.03292359695185003,0.012783543279129197,-0.055257011167485715
-0.04752891684824402,-0.05685100715725894,0.027157270544728107,-0.0818558326426395
-0.032532216552592995,-0.04043935094282203,-0.01589110304965243,-0.05150217420347904
-0.04685935427308101,-0.009512226536676181,-0.006651575416544507,-0.05084465885032132
-0.05882350456163369,-0.021870097192090557,-0.020942833753620584,0.009777831372078464
-0.06362021749352664,-0.06793430222390907,-0.05100205804686251,0.004060656884272978
-0.05853822002698006,-0.05163847321415814,-0.04252428984418285,-0.0011533671460840149
-0.022400018367899743,-0.050587043344447774,-0.024221411066860297,-0.031013174529613583
-0.03898215991069579,-0.08237113338699224,-0.03410125096913158,-0.06250004236092314
-0.01703483426843378,-0.04778681975598746,0.0028966960338640607,-0.004313911995785734
-0.03612336000788421,-0.06094424400905504,-0.03748024161756807,-0.02824662613054706
-0.009154999757261698,-0.05475316502096825,-0.02503247422998677,0.023458811753035685
-0.01590726118907043,-0.09279202982784145,-0.033880367900252416,0.028169052172564657
0.01794281494953036,-0.03559704829921921,-0.004862791112811948,0.034389405237418506
0.02600472022036008,-0.056363943281292114,-0.03736564738278076,0.03144429018644006
0.08197177618579934,0.024266622871050286,-0.00945591859158875,0.023720656704497092
0.021662660257780596,0.021386022178710006,-0.036680801878496073,0.033698611252013344
0.059323653134882616,0.0282140562748192,-0.013366252791220772,0.011256544901860743
0.0033759418741419614,-0.004933912321717024,-0.014399206366676937,0.0008861840241212278
0.07041096674566501,0.03177816817350062,0.009213079354869005,0.017183121905221543
0.008376911296039798,0.03855474867014681,-0.03199874350208687,0.02093815708942292
0.03456221381796237,0.03695150312457267,-0.016595089293906597,0.0073345243706252955
0.047470349563596796,0.09747231757705126,0.041954437878449415,0.06870913421625578
0.08551989575017177,0.15370891367956796,0.05867660286110636,0.04828934267636248
0.0450427058441248,0.09314921526917917,0.04091109075271177,0.04802704638341677
0.09429792675789138,0.12970759073727325,0.06085841566849919,0.05867744005092026
0.10144179417889194,0.14694386757689026,0.08414506072566523,0.06959400165030737
0.12002427483420504,0.18200905603713047,0.07232803645255435,0.05338973842983077
0.10022278225752926,0.12076793615406495,0.08087190579857245,0.0605235430755914
0.038525269259088495,0.11086500057359652,0.04825226868809379,0.014240650770364462
0.03914709138395548,0.10804485693718503,0.13493336360468655,-0.010999194757252528
0.06845017208708346,0.14321048679269266,0.16765921161817504,-0.0002317778103193541
0.04247914949174958,0.11174389893115247,0.1431107038587829,0.0031142556654083046
0.0053447174463172094,0.149194345164507,0.1435243210248523,0.03542081372613995
0.010584918975230938,0.11594570985659264,0.15140842029691196,0.024436090219601442
-0.025303674670320405,0.08333340111154752,0.12510104811737857,-0.03253476168925088
0.003909062623115385,0.07795106619164952,0.1177829783821667,-0.023284656114656008
0.0022712327662924342,0.06023190554794336,0.1635751665508347,-0.014022713726116123
-0.03408037225955062,0.017253992446320275,0.1736149985614476,-0.04441899847126449
-0.019869614091472625,0.04268846679397865,0.13981407924606135,0.008706749954281197
-0.04576624583044376,0.0021037301109410496,0.13208419061246593,-0.01581375543561961
-0.06643733944495031,-0.05414407603321057,0.08484365160498251,-0.045791946642621366
-0.01581598408009257,-0.048056866942493615,0.1252054041063316,-0.014241147857244216
-0.05038146812628626,-0.0696045151798951,0.042757427328889624,-0.05369019851457676
-0.06931310950690898,-0.04986044674680925,0.05547677536960248,-0.03835288717317377
-0.07368585781117278,-0.09320175438675915,0.004773132331413834,-0.05183847520555901
-0.07879312950648781,-0.10100460977166482,0.027740957687321755,-0.05583958554485879
-0.042793735044181914,-0.07986651909014653,0.022952783603813653,-0.007949816099791346
-0.02399473504403258,-0.08174743880257963,0.05525065076090088,0.0006717548656605518
0.009171374519806395,-0.049388386849774056,0.060830951434849526,0.07393331317528735
0.02928866181836171,-0.01749345037448533,0.06438216202018025,0.05733682675935993
0.031066383017511526,-0.024157676219303516,0.051910273354338635,0.03584989637249644
0.062100475038704486,-0.03907164453690036,0.018806901407693602,0.031800587615714346
0.055961472151991716,-0.017201360796394248,-0.00024416049932138827,-0.012063712498696028
0.04850279452223578,-0.015679403538569562,0.02633973355810347,0.010569171419887599
0.019466286453306395,-0.01897462283247565,-0.01691081020693103,-0.010586384451754399
-0.0003216905271979842,0.017934682428522582,-0.0371804504137294,0.010815703629615099
-0.010162545373927117,-0.011849647521700549,-0.05933705752992835,-0.008873315094539008
-0.018403925231622816,0.008702929086654342,-0.06150734925296234,-0.03024942075449126
-0.02000484784907646,0.0118388252135672,-0.0386119106473479,-0.008148099367102086
-0.004803036584482704,0.05588177577985395,-0.0425282581478351,-0.01649242155929101
-0.007723330653486323,0.06025952943953939,-0.046831570588190256,0.013059474436237124
0.014485606010785669,0.03973005683753311,-0.043309563595480854,0.022565082691099646
0.023974159293991663,0.06796433183479601,-0.019339017025206812,0.056177837261278264
0.04837777452731458,0.026540083860899275,-0.024159074917622318,0.04408999061825382
0.07068193306506051,0.049268336537330905,0.030913012962596336,0.046375932088916105
0.080906109385012,0.06074912915449282,0.03512389514247042,0.05679052777791409
0.07157465499291281,0.06530048350968792,0.023677441693009307,0.029226943360719834
0.04613271008495704,0.05039076157348281,0.032322611106458,0.010890042901811793
0.053302015469303785,0.04448912309290214,0.028112156640281872,0.00596622515495632
0.013042152394429449,0.06123458890070252,0.04109806283953434,-0.01013357193511031
0.013632177181731268,0.040868897832728124,0.05953655096508442,-0.01236632890404305
-0.01487683282824609,0.04427099830565052,0.031896755058594205,-0.014647795318419487
-0.018808507217519865,0.060311922853201166,0.06953974232752669,-0.015558823319259866
-0.031908322315204685,0.05236085102642567,0.06481956720332835,-0.016441679192309953
-0.017902875577953888,0.036564403211598304,0.09448946277324695,-0.020559699474937583
-0.018100593362022466,0.03356582079085183,0.09584801079649986,0.0026742568782614955
-0.006979960056898251,0.038779858102760356,0.0800506409068676,0.001799554078730196
-0.018318186173731932,-0.002121236844207304,0.06569892654580882,0.0014981390564662918
-0.0017303917862719858,-0.005640880914745229,0.020749493493627362,0.0015782908425483694
0.003051435819170887,-0.0066635442428238005,0.04227649055422027,0.005647960548363619
0.013089386221134043,-0.013664924832281598,0.04625407203868851,0.0034364418233148036
0.0355114690264024,0.0016794657365401765,0.06708961917086212,0.03314704432312022
0.03278944983425646,0.020382849261435344,0.07180071813223939,0.037346409831362545
0.028038121561402323,0.013864284275551737,0.058970217218183886,0.026755054605011784
0.052987891968902134,0.03722658802734677,0.10074073174207969,0.04094014664334816
0.06996538472978786,0.04962121503457222,0.09251807723488412,0.03490316945106351
0.06497659126481792,0.07385564352169399,0.12139630489655615,0.03698923067919278
0.06390095784254222,0.06947811812842962,0.13398039988217825,0.03844105505398257
0.03269308719800231,0.06852221096266511,0.12447094326930819,0.013234642932668959
0.03190033492620124,0.07212757040243545,0.11132927518090135,0.0004418114982354811
0.03699759229515954,0.07075614324659645,0.10669695206151537,-0.00021979052352469195
0.027740491290717286,0.07349269932165683,0.11512259387569987,0.0055600851087862155
0.021575832578779094,0.09227618515407895,0.08995920866607991,0.0237621226253839
0.007251102378982397,0.08351718997894188,0.0774051985411913,0.012218438548573844
0.005779493995423802,0.07238684087214525,0.06524094371257168,0.007179502302055472
0.015718501636753018,0.07129518268162853,0.05665601453709869,0.0013823353729300724
0.015015464998834924,0.05090681944185466,0.05267178143740368,-0.005982837378985792
0.0019048279612067839,0.038736162206198285,0.05990856482284908,-0.005526411032251927
-0.004147006126523637,0.0398845102136032,0.05430176467694749,-0.004364249566010067
-0.021264363196473422,0.015253485624767643,0.05304790887744869,-0.013513614836738125
-0.010543885145202601,0.001988218007352294,0.051708090835202954,-0.01327047899530183
0.003273276280402025,0.01025418596666028,0.08486715899171308,0.008555155017351613
0.0008716942495449064,0.007827859001352263,0.07784984204217053,0.006428901416354581
-0.015155961278261227,0.002213851539893764,0.07088776050481549,0.00022093830319969626
-0.013600460654672094,-0.00706605354982748,0.06455185957772541,-0.008598486257436748
-0.008109336876774583,-0.005347993022378853,0.06502974686384436,-0.01566021135486761
0.006481168541765063,-0.005747537207162701,0.06732276009068809,-0.007984764286770616
0.005511876361785592,-0.01376772917806843,0.07723802244922386,0.007436927185717192
-0.011817624620663091,-0.008871393769065908,0.0739048823310869,0.010378035504343587
-0.016550473758843356,-0.014547585842877875,0.056786201247785106,-0.002135958033149218
0.0043443490736815756,-0.009009074132789197,0.06164380496274979,-0.001902590323220224
0.01742024449331881,-0.004713589694704761,0.04595327588763858,0.003142771572876453
0.01944463573609003,0.012064843524971138,0.051268351466945104,0.015480484450724604
0.0005853724475649057,-0.0010227644936176084,0.03882095325909379,0.009300332772117309
0.010232334607720047,0.017970217853544086,0.0334978119380147,0.013343043010629848
0.014233338431157374,0.015947711091500547,0.017967636625221016,0.0072131880346265635
0.007159684563661127,-0.010730210741113957,-0.0005860543508545161,-0.014160849432409863
0.020161313054626786,0.010090114413657543,0.01799695740794743,0.017624674565832374
0.026958209222100914,0.03784712035913716,0.04014475980471855,0.019751268096763325
0.01957954797527536,0.046108168671404375,0.03871631233266027,0.020833267929754876
0.03261657159334936,0.03999411062129216,0.034432229374374394,0.03481132665342816
0.026624333471977773,0.038343318347791054,0.03237540149177834,0.019762867692226634
0.038628435497175914,0.049407974708238454,0.03496000991515014,0.0186590343271524
0.05166738567029861,0.05282465961116204,0.04348463748596865,0.01686512271427695
0.03643546584805037,0.06451138604149946,0.049025315272339845,0.021388124746711187
0.012912322970890235,0.04670090347120593,0.03727109743697641,0.006131057041224558
0.017715441637924084,0.04641168941026468,0.04147933405464186,0.0002785833727933184
0.02365445635535358,0.04428879078079381,0.05688797163644541,0.007247386815766556
0.019168400148048822,0.05762759251249314,0.05654588856340109,0.0027735682953212177
0.004875289137570944,0.043843189218144174,0.06260127873333246,0.010576402752989031
0.00857144257255144,0.04694733005176179,0.06364374359944516,0.007728763618904747
0.010123443843122065,0.06764391363054724,0.056187869440823796,0.007887069375937923
0.02920775413842671,0.055982688552096746,0.0666376746984291,0.01604198622710065
0.02074922770120009,0.040085092296128555,0.07944931796800442,0.01607990812484413
0.007748706289987183,0.032171231751698615,0.07976275700307715,0.0064257306239774905
0.008090195157365889,0.03250716235803734,0.07380136802666117,0.0007551139645412817
0.002564437361233929,0.019379753207856388,0.05846615560239791,-0.015584600327135897
-0.020728273191636157,-0.012884796201035163,0.03588656682238174,-0.03321965893035558
-0.015925377981171055,-0.0009756933870879491,0.051797425553016314,-0.015790265327928755
-0.008234674634964993,0.010470067072420312,0.07565689165270907,-0.0004116537431893357
-0.012687633010016346,0.013798382207457582,0.0611436825941928,0.0006222261205603501
0.020458630110498307,0.034953384904555414,0.08298731995884776,0.04875469623507345
0.025584662702921476,0.03445406139835272,0.0802687808959668,0.042968767854181904
0.030210973819305858,0.03042461686547214,0.08980550680103744,0.022576129253587717
0.04466230218850478,0.026199024369407617,0.0711908623703105,0.02293763410607486
0.04708432347230605,0.03717262463231235,0.08586511016157757,0.009889625875742231
0.0198311897158007,0.020181144152036184,0.08919018935456938,-0.006019288839127969
0.04235177073102932,0.026745605645784168,0.08422558510888604,0.012414326516898307
0.027179675538495585,0.04147331514310104,0.08322086910456723,0.031203582575366477
0.017857184295270476,0.044830414215135415,0.0784438956120738,0.013856505687665267
0.04234323438367353,0.06543653840859989,0.10007085694483354,0.04514876650002494
0.05092535264288297,0.07570000628161401,0.09654680692904126,0.03135153030023147
0.04976351508000288,0.11183234476434126,0.09750661159233365,0.03209332188778998
0.05631816609931998,0.09507536437533062,0.09400690658394668,0.03153949115023102
0.030754957045321957,0.06711042983314694,0.07828314760717926,0.0011587845706455147
0.00989002566710709,0.06528951538205915,0.07998878727689807,-0.009061671358374209
0.018923760399312067,0.043258886953975076,0.07972431638477544,-0.015928379639052463
0.0005150132204362565,0.03939273965156539,0.07520404092052246,-0.010064329582139642
-0.005655552949594803,0.03824979069366284,0.06983814278617417,-0.005080053118889671
-0.016816893432838664,0.04640013946823244,0.0738148022223122,0.004799228322460036
-0.005796516076522791,0.039770836039567846,0.07842184703129229,0.0065131423614046636
-0.006751920009299976,0.039294930629833656,0.060269091441354776,-0.0061128244943909095
-0.005966690559574739,0.01590776954766116,0.04307883812447109,-0.00937174316912918
-0.03050239207729733,-0.015326121191273008,0.025511568897741012,-0.029626246024819156
-0.058619127006212086,-0.03870163738732081,0.004393766392937037,-0.06266018909124649
-0.06708893962029092,-0.07075262617523895,-0.009945894706864388,-0.06551863392832219
-0.0481507356998754,-0.052249333968782154,0.019495397403184896,-0.037841692863928286
-0.05317785920969805,-0.062190641255732516,0.04268677827458219,-0.017028076813800433
-0.04240578873412397,-0.05783802521907647,0.03173836783380089,0.011004826228122749
-0.0276635818760216,-0.04166929779522804,0.022644687552035754,0.03249277647890957
-0.014766496335901042,-0.03936698954483151,0.023352274167795003,0.004407703351656256
0.02638408875852596,-0.031663229103020205,0.01022594180258951,0.01610495385505063
0.012747728557300525,-0.05939125882809796,-0.02233810357312657,-0.011696322164327833
0.00033909270357567573,-0.04653559017781847,-0.010065776068263262,-0.010132141450877916
-0.028894330387383798,-0.07371070636869283,-0.030730753956269657,-0.031123480752455104
-0.03096478960268475,-0.08168886729584827,-0.04516686580376162,-0.04548474082282785
-0.01925786135110186,-0.053735596023494335,-0.016552201911756652,-0.00013681078705886257
0.006751289448881772,-0.0270763436415169,-0.011599298328698273,0.010845979985418006
-0.009123475870228272,-0.010309911141166177,-0.025478021384818417,0.03679195409143381
0.0303051041231086,0.029460035586061594,-0.010381753415928544,0.05079187296015565
0.0013557076726078221,0.02341698944970727,-0.04899245022621633,0.010673235031327902
0.03846425577443971,0.010578416163346874,-0.04222363300441475,-0.000603581001106137
0.02783782936403273,-0.003112748787623842,-0.06510980620018603,-0.009879769884403748
0.014299336640240898,0.002298620801870581,-0.05567235210511357,-0.015669663780970323
0.00020111990382781756,0.0008051869004494054,-0.04089766246751427,0.009680449699158145
0.003494750898246805,0.00803393864735932,-0.0316493228762066,0.0018787627200468294
0.004249359389655188,0.0072589711567332005,-0.02463410041307486,0.026676616801528868
0.030869232957805304,0.04172940324725144,-0.020140217369846104,0.027183894272098327
0.003220841526405792,0.013489662142233369,-0.03367367742467331,0.0024137111373671097
0.019413576813380837,0.04647766997741471,-0.03065893827568434,0.005826890827228442
0.011264790115790861,0.045977786486176675,-0.03946695410849772,-0.008793382286924521
0.008850198198329854,0.02948825320524968,-0.025831911679920463,-0.01188599947509765
0.011251839358755449,0.012540222472644982,-0.014875664541882326,0.009899016923936464
0.0029751670984469783,0.019557644475008785,0.009046095757174749,0.01012108796064189
0.022195902287773746,0.03353028440863845,0.0639781233665893,0.03828708156714582
0.05732057464701681,0.07013268488343222,0.09519197067513448,0.050574845489051834
0.05546671290805247,0.06361132828692,0.07486265155358919,0.049804569838036404
0.0461579130467583,0.06462119503882298,0.061307296704687236,0.03388267287286125
0.0460557054577648,0.06172016688310518,0.0641606589444682,0.011178273732484936
0.05013575733375799,0.06309088462072769,0.06394687147501148,0.00303644362741234
0.0332234968069844,0.04976225703005938,0.05819598259735233,-0.011166501096382104
0.00925095126306783,0.038677707828022864,0.046217439350288235,0.0016577915125520807
-0.007338132732205064,0.030470087998219455,0.07347098983452782,-0.0030496632381842668
0.00031547538012020556,0.060531068968035694,0.07483727477975609,0.0
0.010711630571826003,0.05553334628188645,0.10459207680053216,0.01135644451424525
0.015501937540043597,0.06616871973924766,0.11518879749365914,0.017441197244984292
0.004414694806874873,0.058416907024667265,0.08962777277572787,0.014912103130493473
0.008868170781555851,0.047287813762594576,0.060421035940067494,-0.0027119765718617212
-0.0008275238941878217,0.034739653832892896,0.05497672410675028,-0.00977799652899873
-0.006245233834388809,0.001798734515994947,0.035389331004530344,-0.02439954847609636
-0.006054503104181213,-0.0030364436341367125,0.06688328730473629,-0.010423182740341194
-0.013752182778166895,-0.013689919308656975,0.0490505750268986,-0.011319699914113187
-0.0052552925615234735,0.013772087340384851,0.07928325112132253,0.012932471913021949
0.007660498945121977,0.019567985777302996,0.08249589200814955,0.029113893130735806
0.018718808850653922,0.01595606730773607,0.0800536343299767,0.022144645235235006
0.02242468753255323,0.023924998334867824,0.07487781728151065,0.02654465217333477
0.03360276113161347,0.025970732846987126,0.06565292909214539,0.01371066658198091
0.024175140206906868,0.028613391720755072,0.05995533228263346,0.005795083387119811
0.04279130658700212,0.028191208731646218,0.09042872169970947,0.0120429827800852
0.017484238885711347,0.02056520325933585,0.07724060409518037,0.008037890511352149
-0.006792167121338773,-0.002815384006683943,0.0631670453772671,-0.011105602637270381
-0.01620206797723393,-0.004897595374675239,0.05323320927634518,-0.018152512462451413
-0.021434389239862642,-0.006829811478823258,0.04013503543052709,-0.0366804094154181
-0.021590793306267946,0.00465058317869768,0.03955179666133961,-0.02521944694333824
-0.0262684905023359,0.007887765383401853,0.009700687895245995,-0.01392806986499283
-0.03361339099940729,-0.00031720178461217815,-0.003352682253409268,-0.005868223080327331
-0.025095828443380968,0.008826845169345647,-0.004983912937429678,0.004266176677996452
0.002007591487337814,0.004465314434946778,0.018298898475731996,0.012745675896856754
0.00864460494358002,-0.0039257539196445234,0.015565412760793677,0.017051580977449136
0.012862153082654452,-0.012539587191878148,0.003216397618613089,0.009647635365363777
0.005136328700702289,-0.012337230197110137,0.011292599925834946,0.005008876743031263
0.009734637587842728,-0.015386543284358031,0.010184589757552428,-0.006323912643731552
-0.006918476452790919,-0.030667239086556115,-0.0029313410907787223,-0.02120737592672081
-0.00380419116292438,-0.03625100377053888,-0.009081754652919622,-0.01225872334296516
-0.006136028332370495,-0.018852726505157683,0.0013247666016069305,0.0013879819040756856
-0.007882446136789732,-0.005019179497234808,-0.00782043258623556,-0.0006931632230198552
-0.007920997543191156,-0.004227688006971362,-0.009104577876418088,0.00862839069679817
-0.006939612992251986,0.002292295609818466,-0.004553171815873586,0.0018457167067662704
0.0,0.006341160712168164,0.011021233986207272,-0.00018904429249588483
0.014636335256376852,0.010052802629903825,0.018019862161896005,0.0010089602775159513
0.005282573993117325,0.0025388002993754063,0.0022207932027774927,0.000887117435248074
0.0007559755462151676,0.007164627548027079,0.01605471377543519,0.00914810402446355
0.0029005740028591747,-0.0041324591933804096,0.00031440251187833803,0.0022054002086148903
-0.010138761993029509,-0.02277134216405409,-0.02660770139794251,-0.016000006296013308
0.0020965250773407416,-0.00836098625512914,-0.020795730130851002,-0.0013294397537801756
-0.0006931632230198552,0.0005046811209229878,-0.011838775443352111,-0.001636814631344844
0.018330696062708818,0.018651569702855395,0.0029780432339431596,0.016409978923299692
0.03007273954411753,0.03988228965832601,0.007991970859498734,0.04154652737667941
0.029461756933349757,0.040796857203287004,0.0030669264084456273,0.03670590025726658
0.016661465896933902,0.01871099339359289,-0.0004944863526540101,0.019610367714623246
0.028551347727383783,0.01311568285542942,0.008030673391714406,-0.006123920646650254
-0.011728254763192654,-0.012166554950127997,-0.016342806558650544,-0.041856114037196225
-0.015133300758072385,-0.007750429114666931,-0.0054758997794822255,-0.044884719226784456
-0.039218087824398264,-0.021297997020212334,-0.015091890329996617,-0.03945575212418793
-0.06336812625030037,-0.04006306141628549,-0.030413004835549293,-0.05153429851624754
-0.07576597705409033,-0.04311494967877622,-0.04068560962655285,-0.03047024320528085
-0.06035870242145005,-0.043500170790951774,-0.03664720576491743,-0.02721047459381466
-0.055144169565157594,-0.04552027921344058,-0.04946462771050017,-0.022598576840088126
-0.03014945930312162,-0.032136259089143186,-0.054175815501605704,-0.007874500206510383
-0.02522572523707176,-0.03480420135283042,-0.0428741901588278,0.007344224532177103
-0.015452008556946678,-0.03575252785937913,-0.03526589036429204,0.0064499212363029685
0.0013124877921360683,-0.05610540091424721,-0.03850028500725055,0.0051380544491459726
0.01038777382315295,-0.061401279072186996,-0.023967813011209656,0.010053581987214935
0.006120804468996299,-0.06518685987422193,-0.027049421684754243,0.0040722300747231726
0.00283255401501286,-0.05850337771240154,-0.04088704063268827,-0.004446736975486261
0.012236252882546261,-0.04748871452535463,-0.03499587858885179,0.0029490399291437625
0.005254456725741778,-0.018218032763310733,-0.03016293701674068,0.002226370313491257
-0.0034659103741655883,-0.024329406646305854,-0.031891272419358685,-0.003139929560895709
0.0034734058782712966,-0.01416428001865703,-0.035160606245238556,0.005780379623420333
0.008316423554009744,0.010433802182577057,-0.030047269291354387,0.006142204931915718
-0.0001308301294973377,0.011314034320398413,-0.032288719378765735,-0.001306723429192755
0.016815560846433385,0.01882326638198718,-0.02549571971142462,0.015814772452842712
0.0032671198555171747,0.011395837572623089,-0.034643183348994314,0.0027428617013401393
-0.0007186410410745864,0.011574853293066574,-0.020933378280421425,-0.006754124086037154
-0.008990078740558387,-0.008078831245568512,-0.04260185532903262,-0.011972516323825554
-0.012735187582728015,-0.011443905608818843,-0.04678728491409857,-0.02344966377648285
-0.016365781691993885,-0.007405504995389353,-0.06309541708289779,-0.013546959061686249
-0.01668297786375779,-0.015781534143365677,-0.07621380683342863,-0.017261665154850243
-0.016731317611671327,-0.004317367981769455,-0.06922279219433833,0.007879771365902007
-0.006447785883963127,0.002036251959347378,-0.05658625337054948,0.00912883544697454
0.018373225274474714,0.01770781576042543,-0.03062182017244362,0.028324337765507523
0.02456631719051253,0.010976884523582354,-0.007441125481618082,0.02947437850094435
0.02857706668351058,0.020342543628152035,-0.004481785034303349,0.021549143477026203
0.027994171367956254,0.016849424627840587,0.002446484640601567,0.020648901995551857
0.025681923332868305,0.0011689440517030183,0.011614942765278044,-0.010208712876125674
-0.0013796794452192677,-0.005560988258443474,0.005690128849943577,-0.01764365715045756
-0.002753215342120751,-0.017248094093625294,0.0012505068186559995,-0.021609056772120442
-0.025296989248382175,-0.01126743570546365,0.0,-0.02498393865849994
-0.042525716862536006,-0.03131949865828341,-0.02010716396739886,-0.038985459195143984
-0.05633793568066365,-0.0284067491379708,-0.036256087051018446,-0.034670981858616175
-0.05639039539803232,-0.028113965529165258,-0.03923613757017875,-0.03424696708361982
-0.0337959998549556,-0.016571993369954345,-0.02385477438565894,-0.018839287066178576
-0.010657882071672347,0.0005322554973831186,-0.015257678454287505,0.015052332904861469
-0.012620817966632789,-0.013139754803720281,-0.017400393628811853,0.023716948852876958
-0.0012515842916860631,-0.006096440510717471,-0.004072602440305086,0.031990074926959676
0.026999690959593665,-0.023113971551641407,-0.005815453740944158,0.021483699370011357
0.029237285368921003,-0.023977283635359406,-0.013263594985431573,0.004255858630756438
0.022597283313178198,-0.033764167283639346,-0.014108472701522967,0.00019976700134523344
0.015441376402611432,-0.028580592712475414,-0.01221273462736269,-0.0024402851171466504
0.011637199482094053,-0.013168092449270362,-0.012014541160908193,-0.00013144266073463945
0.017442241786020343,0.005460513405329496,-0.00013084070404608954,0.011985168242203036
0.006133835071332401,0.0027608164643672262,-0.014534896451410702,0.015375406120475851
0.0007886690990774141,0.003030110185481998,-0.00827146709167704,0.0067438020110667666
0.022447352685493905,0.042254460598038855,0.009611573417748683,0.014987136299043186
0.036009059078113616,0.060791901836254145,0.03065825239320073,0.01845193461029913
0.03166944960574516,0.062074527818524766,0.03221540115403029,0.022877718776938914
0.030171524951657487,0.05216510273180154,0.03472862962523279,0.02922439898590807
0.023359250215235224,0.04003185396989738,0.04058541664162641,0.012887734787689297
0.009439442801208505,0.025164737370844095,0.011694324088370905,-0.010665036944408216
0.011689821324738909,0.016026996385488514,0.009832848244741428,-0.012753108502348958
0.006864834328752952,0.02182052637028124,-0.0017978042071246881,-0.007976021387789339
0.007581085766429829,0.03847176100047227,0.013572029039652777,0.0027494312087755998
0.0022429954424948405,0.04093446512512746,0.00578817971333701,0.015585467904363295
0.008614178647241635,0.045090997426877596,0.015221677281945315,0.026095449361706553
0.008951433082140801,0.037270703421357396,0.02361182690378526,0.014986815232919897
0.025651005482407455,0.03343580646285831,0.039078896537596254,0.007077657521740583
0.01888996417619432,0.02890855457202887,0.03174918224981961,0.0036447792453697682
0.0158230216404793,0.03717083008756961,0.04031357198390278,-0.0008857531179799591
-0.005164821907442473,0.010426831841758468,0.053121872595017286,-0.01128005147738485
0.010870228766719921,0.015676119500865004,0.07742100245498912,0.0009497468291121074
0.010944435659036576,0.02409636052498149,0.08766665854523942,0.018093730882890156
0.004562801335903423,0.011485503466541263,0.0642497486666014,0.003735864129935859
0.0041155126109701295,0.014002584467512479,0.05459498785401447,0.016472196188679015
0.017584059631234192,0.03721025705639975,0.06331138077356974,0.010310621313077138
0.007661635192584576,0.03304118771461083,0.049597735096173656,-0.004130137873473437
0.024996738074710288,0.028622881035890297,0.0510679737366086,0.008831623824189372
0.01144918171087262,0.019575292216796096,0.05880014918094734,0.008260294407237119
0.0011264706488942455,0.022955490513655096,0.06482962636464397,0.0016278988862296962
0.0058036084157804015,0.008666932098240168,0.05414873013805843,0.0018850760803981153
0.010088902900308144,0.015145748843474647,0.05298094497807155,0.001688344301885129
0.0,0.011270160622087516,0.045082793994311275,-0.0011256723702812246
0.004775625350029203,0.018730816764419924,0.048180852175061704,-0.0005001437661933102
-0.00018753752906770983,0.01241058110850817,0.05004272279775014,0.002822441274497894
0.0065666483627111315,0.03159850720981444,0.04235481137270024,0.004744416362386153
0.009501093768251567,0.021569987088901635,0.03758424028500437,0.011144459474444562
0.017059785631958556,0.014768505120770442,0.03922073286955705,0.014133897158593707
0.013484069922941294,0.02416100191513808,0.03592400665293077,0.015385602884462921
0.018720236112772327,0.025978947505684684,0.04034530438002259,0.010935035991035959
0.018073784860812524,0.01922109388540713,0.05714657278618807,0.007987616739907277
0.00931886939483996,0.014075625586873773,0.04758188868870108,-0.004810113495903547
-0.004784094560107148,0.0016258630556008251,0.030295280976312233,-0.013366214881110512
0.0029102788698012615,0.012945641918784933,0.03277434885907525,-0.004547926034414997
0.002158343623785446,0.015814439103043598,0.03913295782350739,-0.0017199522251339333
-0.003634160740855545,0.014550979606182115,0.02334402405663194,0.0023547157066579837
-0.0062073201468163175,0.009426363151773814,0.02471488132405261,0.00948933099189083
-0.012285780204891416,0.0066991675457420225,0.018044828862104328,-0.007285373968493704
0.008551276963865664,0.017886223869416185,0.036952064215741535,0.0015383669070407177
0.02072663929866896,0.022577972777666044,0.035268759648597124,0.01075663980185614
0.0061739891241687755,0.01255049425013567,0.044545578342999756,0.007854057037177209
-0.0028306074120468647,0.0034056163736975336,0.025049062563809576,0.007836364934417014
-0.007356596417404971,-0.00980517396175046,0.0048185233971558255,-0.013455419350215608
-0.011131775104274811,-0.015090926916356908,0.008705463084653864,-0.022018350108886003
-0.0018035886982565976,-0.013582472711996273,0.012043616448106066,-0.015156237527111226
-0.019906586871186554,-0.020087150691767197,-0.0012521538156968419,-0.015612428843377857
-0.033516760664075516,-0.020820375431718757,-0.007037809654000001,-0.015880881401828813
-0.019942345461357584,-0.0028717818189395576,-0.0012505878873018926,-0.0011256723702812246
-0.028879970215687938,-0.028400333919528804,-0.015822352554040013,-0.019501503259797937
-0.016752750410797438,-0.02849051204919792,-0.013126634413970894,-0.010280823718234097
-0.004377705116873016,-0.015825921607387713,-0.0015052246637637324,0.007467377589716065
-0.01021795104901511,-0.017563339846171828,-0.00830253511394605,-0.0053843540705914876
0.0029463014068906172,-0.0049753782843666595,0.0016904583686449446,0.016648656563829075
0.021769326806683247,-0.007987269789754788,0.009756091984096417,0.022675354268981946
0.018094159204923906,-0.005443400981418427,0.01701167083707123,0.021419592516194724
0.02891272252677946,-0.006442952770866476,0.006026679237564538,0.019262148453386578
0.013934608297178871,-0.012156711342796847,-0.008792496064298657,0.000562566430303148
0.005025069289755887,-0.00354989741548715,-0.01332026401553239,-0.00904250655701888
0.01347096772175479,0.006879387591224432,-0.008315355660500937,-0.009900929027546954
-0.0029376462157123173,-0.0061058323107827505,-0.01960537272203379,-0.014822073542022125
-0.013377908841386425,-0.0013791938346983871,-0.02143864045207484,-0.004872613728253267
-0.016788562307331983,0.011770699986149866,-0.009294745838374656,-0.0007498750702622126
-0.014328014719141916,-0.0007512897869888177,-0.003620914065577346,-0.008695683068142984
-0.00843327091594734,0.008642092161366004,-0.020003680061308936,-0.004952350799632259
-0.018124939202805425,-0.004940511691939933,-0.03329026603324944,-0.013810396259068183
-0.015714347530903647,-0.004585433586288263,-0.020338786481203495,-0.00881918911750023
-0.009152469909150151,-0.0050359245550126875,-0.022510816746785147,-0.009649122925245519
-0.001004362888115733,-0.005312819750296793,-0.010261764746649072,0.0025829710667490693
-0.0032525393070959945,-0.013006312132641166,-0.020889696998422788,0.01438570383091353
-0.0016917293409658347,-0.020170931311441535,-0.025504533825563135,0.005426926472595981
0.00296095883650814,-0.016798395307337982,-0.023133116810612933,0.007212425748802266
0.00929346305958336,-0.009495258682025517,-0.021536538905899794,-0.0036445771969204083
0.005363778869951868,-0.004249962899821487,-0.007784773382994645,-0.0002509914803464984
0.018410717681696692,-0.0001863788764902322,0.006691726542204007,0.010293089941627776
0.017971547516955413,0.01554656469672813,0.009345807668898424,0.017587902678605483
0.0266065091205974,0.02699316537265607,0.025576742730696718,0.031786100303135584
0.04330631447988953,0.039717211663744714,0.05195541103267493,0.04337184527975276
0.06218591943118313,0.059523772676885044,0.05872776328740104,0.050506281927095185
0.06653634039747164,0.06539405868071198,0.07460129232400246,0.043888966212852334
0.0718679804613681,0.08701465586093868,0.08164424724434764,0.043826374769588894
0.08262402516251696,0.09970336781580863,0.0946607510580717,0.04836667472078737
0.07197536335353046,0.09869668605157478,0.0931637324317766,0.026966317066423606
0.04180917429970544,0.0710065808911024,0.06531651597544631,0.007864602916507408
0.04963008691593473,0.0948796062023205,0.08063926029638988,0.021725157024687598
0.021880627883586346,0.08454156887420311,0.06266535538403852,-0.008435067002909273
0.022470551710418608,0.08611809998263466,0.06787305878867152,-0.004318789688387613
0.031270100679983794,0.11068361643015011,0.10013738817825822,0.03326689489430502
0.0070581173218084905,0.10155669667138059,0.0968751215784773,0.00584594788944693
0.013704883421589832,0.09361986938328895,0.0934160417407259,0.018749883610001065
0.03754993334360817,0.09160497591964413,0.10857568330104923,0.022728576217779954
0.00876887311942996,0.07585570200238685,0.10489645288365228,-0.000567809917140965
0.016319403369361104,0.05648803703157058,0.09844879601856762,0.000683737881589651
0.017812741250042598,0.04074514681629993,0.10269422434996472,-0.0002839695732704978
0.011129425296959837,0.0529832357603827,0.12184208326950313,0.006955451527993805
0.0060968147118032395,0.033963794000539255,0.12393379770816666,0.003181631817199262
0.011304312418904916,0.021575786560155307,0.12343033295928647,0.013722799304483778
0.014702556564240696,0.033283410878736916,0.13526505928453597,0.019603369952845718
0.01908987043644611,0.05239392684261006,0.12712082133826474,0.0073005449351121274
0.018505796709826067,0.025160390583792793,0.12242720473660013,0.013025956152744626
0.024717319725035512,0.04363420566177003,0.1318646787391988,0.012975341452603196
0.004661082855282453,0.0346422946830242,0.12374372326279942,-0.003009357003530162
0.01585778498598513,0.018511221101554395,0.13124372642776264,0.0
0.010840847232801392,0.025413048002865406,0.12955060988176823,0.006093845139001874
-0.001170313242706165,0.01812091714101717,0.11343726442015356,-0.006155068307077966
0.0013936778531267555,0.015720391938192996,0.10876543398278267,0.00402455575292815
-0.007323665763852926,0.008806363524991983,0.08533007841465533,-0.010090873444802275
-0.0027171398918516883,0.024086032480094194,0.08193464220634394,-0.0006112747536990292
0.0003353717221022642,0.016875936510692177,0.058308695837782816,-0.0015064443036804241
0.00479450290321029,0.012130050322208829,0.06575597539859843,0.00339609199188726
-0.021782658106070767,-0.003001687816647406,0.030860157477233308,-0.008560582191142103
-0.03146786950858151,-0.024939566787876306,-0.003901870997638955,-0.034806685671645826
-0.028671597667547073,-0.027697270362246795,0.004664280886803997,-0.025089389808193287
-0.011939704682957752,-0.021910096078835987,0.029335874792704983,-0.02657717464107054
-0.04437027262872571,-0.03913452511993855,-0.01495877447347466,-0.023687748986353455
-0.05006702838630128,-0.0573361437949895,-0.01620375522342286,-0.020680965928845788
-0.07651333593442634,-0.06964784470782959,-0.037418311185211536,-0.04602510592203431
-0.05316964181288154,-0.07074761547499522,-0.053546019125906216,-0.04993152388177154
-0.04568237067833699,-0.07946205021724345,-0.05606837511095496,-0.03613191471062909
-0.06046886744404103,-0.08542097128738764,-0.06884796048917442,-0.03576473592832135
-0.05061558684921035,-0.07270903543780835,-0.05813165803414566,0.0007209565241214105
-0.02682256434517842,-0.058008570766851716,-0.049713051803597856,0.0034797095638514084
-0.02782356519950018,-0.08106754502800025,-0.05893410807053196,-0.0023542918804676113
-0.025354470842144195,-0.0935404322083773,-0.07824307809281639,-0.01037088264177378
-0.04205672470425624,-0.1140764900322994,-0.10333019327476331,-0.04136649479268428
-0.0033804116203874223,-0.06214486974431259,-0.06496001806258135,-0.012914008053451288
0.012994186827619679,-0.04343572059890918,-0.06729201933192946,0.004719598494739256
0.011647479013732072,-0.03421791810173377,-0.06096744553508362,0.038712847468334456
0.00023914264971173265,-0.04639756902972345,-0.06729108991329377,0.04778613749405178
-0.01663945755194955,-0.05440162490538763,-0.09140716826890082,-0.015626989328537656
-0.04709656110030242,-0.09070590748645757,-0.14284132432674854,-0.06907561619956344
-0.019352371965953064,-0.05924056894909974,-0.12476243571035896,-0.07074184185975943
-0.06129622504905867,-0.07019441918428984,-0.1359759468823443,-0.07364018529925426
-0.0555254625496013,-0.05330198503081256,-0.12852855023685883,-0.03501102892197863
-0.06071223919111651,-0.03446808977185857,-0.11694476335251318,0.023871071079897704
-0.039569653316678284,-0.03530255954457651,-0.10544477992941291,0.026184711526628296
-0.028304124656190636,-0.05584119899678152,-0.11061050161992259,0.01897022233581294
0.019860325652464792,-0.0461063073442777,-0.1234361272255709,0.005228629861706567
0.03863837777928165,0.0025274011070872612,-0.0912494452932109,0.02754792107349092
0.02580980822157812,-0.004321331818472305,-0.11790485948465548,-0.010580010154888974
0.016833501676065964,-0.03410060486967669,-0.09412629696616095,0.0098150454666328
0.006002471107974068,-0.041132219460206246,-0.0827813324670289,0.00995871855627166
0.006472485803347806,-0.04023738398490325,-0.07307846257681358,-0.005595499261360547
0.018237024839999828,-0.03885240287312235,-0.08344731485856949,0.011447930479971169
0.040723082261507816,0.009537337647366237,-0.04538313392330944,0.028845564512552546
0.002275084662504449,0.05447015385034448,-0.04117651837203555,0.023740705581404186
0.024657132817705676,0.04036273599309084,-0.0212689444005819,0.007296537409073302
0.022135794401046037,0.05174856211121581,-0.022078317334092972,0.013681567764985136
0.02248461961565576,0.038066691023344354,-0.017264324202567075,-0.007740604804764985
0.018550606444768702,0.04075325515084573,0.00488047852195235,0.010552215432757703
0.02587064167878072,0.026636763006908357,-0.00960614244979431,0.012645795587080929
0.012068038330418958,0.05148174326928628,-0.007234257998096671,0.0187117190542505
0.01828223435921229,0.05283850868587428,0.004296012820512368,0.01953315784423287
0.009269546183299683,0.010945145958102618,0.013500209839201619,-0.0018819754755190793
0.004846619956248481,0.03025529607045602,0.025803221078397155,-0.007092653110998041
0.010687924158064936,0.03179278353699255,-0.0033919744817862874,-0.009093706772315989
-0.010138447058594185,0.024054774177456224,-0.018066871533282854,-0.017652717936178383
-0.0196411018289483,0.0,-0.04023738398490325,-0.016361565496995495
-0.036073466043305996,-0.004601946715138015,-0.04327555290048318,-0.022772991472286307
-0.0422340058773448,-0.031084312331259405,-0.02184343626613258,-0.03385192884626026
-0.04136009949790262,-0.03306749916796622,0.019601462915253005,-0.03336404886498543
-0.04200497896096786,-0.03677102083845838,0.0021075361483333215,-0.029742784558502707
-0.04977510360842437,-0.04079751809442081,0.008839831117702422,-0.023178845434357012
-0.03796376688061519,-0.03648643846797115,0.0001913345756706792,-0.013272882258213117
-0.033205553629045065,-0.0508135381259726,-0.01213110005949186,-0.007994372843815881
-0.013182600276376424,-0.042495146342151166,-0.01699031647730258,0.006628003608092767
-0.010568007010144065,-0.05275520658599126,-0.003989393318283143,0.006012171639649395
-0.015290890163278092,-0.06494760485959236,-0.015540830757218382,-0.010582767873554907
-0.02702184174744855,-0.0714068787032724,-0.06124329145498963,-0.023536924467092706
-0.04259675251238078,-0.08608582351148181,-0.0584350795188347,-0.05229503871975144
-0.07369635840615167,-0.11693204258311224,-0.08885685416450297,-0.07622865553227574
-0.08397826993000075,-0.12161915736479163,-0.10048990455339799,-0.07719071373529088
-0.07610001603261439,-0.09763789506725132,-0.09763789506725132,-0.04414750885575752
-0.07845383199467511,-0.09440213669552,-0.09856964980779007,-0.03166543024158395
-0.056958760114955875,-0.07932315880723947,-0.10794176529503256,0.0072952447241548726
-0.03386394272331032,-0.06414567497765819,-0.09509203709167206,0.02988406814273104
-0.017102018417338292,-0.062328738999003964,-0.09680786847689514,0.008223086635656287
0.0030282314175734157,-0.06786057183626257,-0.1058895470232957,0.005450155450422895
0.014313706986523329,-0.07388755436958637,-0.10767809913150274,-0.007447322126819549
0.0028095320444537354,-0.06402304690623688,-0.11158334749729848,-0.007864387082523024
0.0046912385483862335,-0.07799939566836843,-0.11717994627699292,-0.010195079805459176
-0.013118263987376495,-0.0816961996576097,-0.13014150635337338,-0.00891993998443528
-0.019864394840016543,-0.06849227245449609,-0.1289914682667783,-0.004818689306036306
-0.03119686183068921,-0.06635225824550756,-0.1330211292925548,-0.025966886936139227
-0.005489275647889355,-0.03173228173923796,-0.11508640564529911,-0.004738048834109201
0.021821366959384025,0.021610455426770595,-0.09784854185054523,0.02769308324761349
0.016331824154784676,0.03847226859119306,-0.08782585366157142,0.028774989885973733
0.02396493348625449,0.0218598375060183,-0.0779124060818328,0.04616251675915178
0.026723850362982304,0.02311142558519147,-0.07347247906765011,0.023182063622355566
0.027322392425308966,0.014758111046514115,-0.06573570774696288,0.0005389181098572186
0.06433279917149409,0.028542415881613378,-0.03743413162826393,0.020036335647694272
0.0447772566686388,0.02922593123689699,-0.034924423202174364,0.015490879619789816
0.04055514932022554,0.05983260161213645,-0.012088244783976973,0.04153743902610597
0.03892964021919356,0.06367449532986813,-0.014917811775359849,0.04039864991694673
0.012607228910560736,0.03184366056274759,-0.03421811451736437,-0.004679994913046718
0.020161807824753106,0.03886563501756116,-0.04216525669444441,-0.0009245922072185424
0.009965116614446627,0.03849352618421421,-0.04634744827406648,-0.028874725413390756
-0.009689506680374488,0.03921982010399672,-0.03195870695467863,-0.027698654794285172
-0.0010566664280524433,0.061245925246783794,-0.00917013844718341,0.0017880729438297604
-0.02822732801660801,0.03560105879671689,0.002739074229526335,-0.007865602956382502
-0.040706641236360905,-0.0014146187875062617,0.020165266083011057,-0.011800012779067922
-0.009668894553241388,0.005446104044960156,0.044127896613746505,-0.004659278518924507
0.0019829864348937143,0.016563807449419283,0.03878572709476286,0.002115462540168891
-0.008133406284803104,0.003236689249463742,0.026422919337386584,-0.008794190302752894
-0.007121984874919621,0.004376542233812245,0.01919924277661272,0.006341408404512356
-0.001388252876133753,-0.004284516681501433,0.02413560874313682,0.01016451191744533
-0.007062065098639232,-0.015782962215259915,0.012981697253219342,-0.016821749788156336
0.006948606662867567,-0.03366567461348068,0.024152622101503565,0.003226246897980556
0.021465863556532242,-0.011454834697801619,0.05149027981359693,0.02399947839772278
0.01583211324755896,0.01980129243531056,0.052275498633071876,0.019396247803167475
0.03723622227141177,0.02002782854614445,0.05967185783817436,0.03542682115975575
0.03190988306093266,0.02619987878382528,0.0657019306880279,0.0312876329484362
0.04051372570628711,0.04619271862726535,0.08722420884593796,0.02900163125551414
0.06414391954860811,0.04845644500148213,0.11267013005655158,0.02993707636451075
0.05862249882897915,0.05269811318832407,0.09017528061113453,0.023911288073062493
0.02631753294850073,0.05761311281119635,0.05611699343190065,0.018449998067947122
0.03740512037354579,0.06827613180814851,0.07409407477072326,0.016350732368042957
0.029030520801929006,0.04756246548254407,0.06491408845203586,0.0012609962403115067
0.042681722012516896,0.07877396367539445,0.08226561976622399,0.015758465555344093
0.01603258755187104,0.07059062522486922,0.07527611031128932,0.018689787941192727
-0.006620378434856916,0.04296316317408555,0.03849457010327468,-0.013771492870127675
-0.008417182933008404,0.05126143730230307,0.03466941775900099,-0.013350120399775801
-0.005804650234359098,0.044218177224307334,0.009063867844391898,-0.028909560154518604
-0.03255095441167534,0.011783908807425537,0.00019409138214088986,-0.032248022298537106
-0.013853879876942176,0.016949205926905596,0.03708611454532111,-0.0060298950795614845
-0.021059135793849763,0.01814407712339657,0.03853529213529643,0.0028082909269311254
-0.028115198121061037,0.008315527130853219,0.03473327171753046,-0.004170434952541109
-0.008822678234133022,-0.006489381892926717,0.039403574542493804,0.010417380433387717
-0.00868004894936813,-0.02068092724714091,0.02677339354061048,-0.008173646490284738
-0.01828574979979324,-0.031643606636782215,0.019386948187309905,-0.02615841478578007
-0.013393673164956146,-0.027364949177588412,0.02867158372956688,-0.017589098871080757
-0.04342272168985174,-0.062284844675774984,0.0017387188676402598,-0.04072742908151104
-0.04735231184584498,-0.057430677057493135,-0.012599756170135213,-0.03631214220910305
-0.020295129441208298,-0.052585643216738295,0.022045940910053557,-0.006208705919798128
-0.016841637646114915,-0.038634897889552884,0.029228465737793825,0.006886201741217928
-0.018542408984413804,-0.03243421033213891,0.009135476571024342,0.017623484995432002
-0.005816587718263432,-0.029103926683274158,0.02066560150610343,0.016301369592428748
-0.015936497212731264,-0.037277075102394745,0.0052927778086310825,-0.01321842771903741
0.005941228420185297,-0.024975692976734572,-0.013486095457749135,-0.018498071796702875
-0.00066806520364884,-0.044827530165326125,-0.02863811527838721,-0.018761421500244752
-0.021175833163571533,-0.05269858238141696,-0.035510672401042484,-0.021561893489238915
-0.022145560840810173,-0.032729876077918905,-0.024686515119581087,0.0005331356279658683
-0.004657583465422036,-0.02836833521531367,-0.03467362414736166,0.006901586356501222
-0.014922338707594738,-0.03521760835420613,-0.0551702028051554,0.0018050474193987782
-0.008063998830197492,-0.027253064562650336,-0.058034285944765215,0.0
-0.012077723039126196,-0.023675191120405965,-0.05039226989621477,-0.008392680012944562
-0.0014708516770120404,-0.002937269751514474,-0.06503916703704553,-0.015619845176183035
0.013168530497869034,0.0074826162511606505,-0.05037779252379804,0.0063396395123067
0.017451542697715556,0.004537702490551644,-0.04828655873037851,0.026269821000874584
0.013247176515715945,0.0013677131314262423,-0.0373200262153015,0.0327130111322779
0.02182184139952518,0.0044608437550790175,-0.028118050521670934,0.025174157406078833
0.010749792155900712,-0.011043887206835192,-0.039826393406543266,-0.0023873010946952314
-0.0033586350269403575,-0.011196241479580963,-0.048055953447476825,-0.02867425972069795
0.015198192892713744,0.006237992192255004,-0.0188934989622646,-0.013724412504110736
0.009814336996407661,0.01805051428922544,-0.02758617584990059,-0.005485932385750921
-0.0009820229533161523,0.025262000480356067,-0.028767853514494332,0.014357864267774148
0.008651067472970007,0.03290487043394394,-0.0009019779756379283,0.04515738326790618
0.005747054375369358,0.014960799479777383,-0.013831948710267702,0.01563014616386161
0.028383436578428765,0.03243239174174145,-0.00392740788281552,0.015957427110849486
0.03767604611864363,0.03439936983704546,0.006208817027311637,0.008912228632689352
0.016421519925226766,0.03526560062686621,0.010755489671643286,-0.006126336415559146
0.012805332281738482,0.032605799375998265,0.029572757596252722,0.0014935130329329243
0.004062995021064518,0.016047778722199035,0.023650474343221442,-0.009630883779604391
-0.010769362088145818,0.0042553389544589095,0.008812350907182343,-0.0036373019926268873
-0.011948097788826629,-0.010277085553553557,-0.008923428526991701,-0.012717383301725229
-0.016934904343687086,-0.006726802241611771,-0.0022959657003038987,-0.013875368314471365
-6.500390161091595e-05,0.02333152860311849,0.01202997062602741,0.00476429308131248
0.00564503666167401,0.044618204187337966,0.03292240651929032,0.010365104504078999
0.004214510905174106,0.02143378016020586,0.027805476105750737,0.01787600035420309
0.007374944382092231,0.01359332808072894,0.03188920893271371,0.014859583336337877
0.005215176114199719,0.010485026901130947,0.03601190013609993,0.0016240144199852413
0.023264999202027452,0.00406260392760761,0.03710115381741391,0.004580850258610205
0.020251173916656724,0.007597428821030299,0.022671891909961,0.0018724109039435892
0.014874973552222184,0.009889425564508883,0.04264255503025927,0.012244885634502456
0.014129872534788111,0.02091450431235965,0.056033319918204455,0.01932547278605036
0.01627067407186743,0.021282190443540225,0.05729832029905324,0.010918510657774444
0.015289971638916364,0.0160799005688976,0.04920999795683134,0.00992459888823748
0.024059590657326543,0.030609521658569307,0.04714851521113742,0.010688710363294671
0.011303854292897096,0.026466773660351276,0.030834737707765927,0.001781441735923351
0.006186672720225019,0.02609093922902357,0.015545714860840774,-0.008068722893856193
-0.01952121220535278,0.0072325466128594015,0.00045709246047968637,-0.02246189153612433
-0.03340123574657139,-0.013121150747652854,0.009904241351490945,-0.03786971836804499
-0.03398985344204738,-0.018968997507915454,0.024802844075385237,-0.03435793852336083
-0.03886166829474594,-0.027505249220354716,-0.006661010525189614,-0.035291094147258825
-0.03141034252749289,-0.009070327648975638,0.004399704492221069,-0.0015667406900142147
-0.016639140100404407,0.004150427878471357,0.014678972127559281,0.019153651347532153
-0.03170434558533283,-0.029030213811148536,-0.02508554814418939,-0.005721887578280156
0.0014360794175836446,-0.011342463180377143,-0.0038312079160149164,0.01852345133764776
0.013163971381813216,-0.014784953577563294,-0.0050417427109344425,0.006407336279659792
0.021506103398609335,-0.011833509879629108,0.00883350243932269,0.003099980608865907
0.04215910601331106,-0.0027319631152893267,0.018492085168946584,0.03829875338470104
0.03524039527945039,0.010401416693643986,0.026648571008751055,0.032136212457366906
0.02815805329084854,0.008169210617914662,0.039028787905826444,0.034236376116510876
0.044714906910790726,0.0030482979823454716,0.02959575025544479,0.016868291051963077
0.03467839372802031,0.016652893421957023,0.04317832228124028,0.011212397918534848
0.040667832438061345,0.04569483767407881,0.05325787433038303,0.011683610851759002
0.031869578519124635,0.05489369258068864,0.041052273417589255,0.006721049249622725
0.02044980049797354,0.053469234156700886,0.03348597887931683,0.014182671980564844
0.009978419542098152,0.0617448001733516,0.03254124483616785,0.00749692554600436
0.0022613380268545814,0.043216819626292535,0.03375450126335974,-0.003932761394088263
0.012473161874580318,0.0327434446341433,0.037029771818061386,-0.0022461410976654904
0.003968928338755102,0.05410771105684725,0.023506738824886592,-0.005119284686311911
0.005431132184687058,0.04986645295802704,0.037958381371037464,0.0071286461076489884
0.0006863730622876066,0.04190217280934194,0.026497697551993493,0.005139076243678265
0.006929741715782477,0.03843677519467488,0.0261484233560385,0.008629892035117806
0.0126313291145859,0.031662096484439226,0.02884363368940168,0.016189766432960682
0.030082702618211818,0.0380193874557533,0.04881625964076168,0.020489221278823164
0.02626476833817537,0.030841715987035605,0.03926287907866627,0.02325729662073513
0.0264182121652238,0.035646514714597385,0.03880347389582501,0.01413598469134298
0.004035688536782632,0.018773943050431775,0.035739476945117525,-0.001420285382669724
0.003242299736661698,0.004432249530574502,0.050329618127483926,-0.021051381755273938
0.004898003532511594,0.011293543206756842,0.06680718007638392,-0.012369715808746965
0.002037773370774964,0.01304776533624888,0.06721465351293535,-0.007947716817459245
-0.01594061255085235,0.011380741227284007,0.07382824299353888,0.00018556058857359948
-0.018524179468037878,0.009463480880914622,0.05308928205347451,0.0010565693649180264
-0.005196533751157213,0.017572397414558086,0.050891222870534124,0.003948648790395762
0.010883737058957326,0.025790720907268954,0.0812939088389145,0.0073951506517878985
-0.007830907882521769,-0.008816614873620494,0.040610184773562104,-0.012983795306031025
-0.010797149488720195,-0.00031170347364390327,0.04157740828288014,-0.004594232546926422
-0.00610090022063064,-6.204972600812234e-05,0.03837234047729729,-0.008849582212297367
-0.008717676734754508,-0.009941898848695953,0.021405416275157324,-0.01920841156160736
0.005215167578227731,-0.014906279351526188,0.022546380494037743,0.014219506658743119
-0.01972716961390893,-0.028029992930992995,0.00194722997494631,-0.005114488900443356
-0.012785263505366545,-0.013388788081930532,0.02178046300129369,0.0006200211041984005
0.026434459285220997,0.013295437184470795,0.03231898801543442,0.022017058706008657
0.022890232788638887,0.019266626435442556,0.0237842704619913,0.012908350400503338
0.022569445281927596,0.01752216795497127,0.029013598522603632,0.03391637663663083
0.025821643024247814,0.013557627269901193,0.026782289345284073,0.019147305568714124
0.01531707130787957,0.016384259089522086,0.02795146532970472,0.0032344197418785266
0.036862956920291456,0.026820706618302086,0.03653800474351163,0.008475689540574868
0.035320363846262894,0.026794450917511856,0.044837691072097334,0.013097241562732077
0.021054547334297177,0.02349051231195771,0.049887070466233134,0.017267643299593526
0.02091472078481833,0.048797338679254794,0.039550496463641685,0.01849272010927086
0.012975970641966358,0.041975875020137395,0.04165108752044047,0.01009727292883641
0.011613146451903734,0.0316220435861528,0.03155803172100435,-0.004189574081013923
0.022446659248662265,0.04833775991881758,0.03791529195043619,0.004602235587045668
0.02757111625201146,0.049657161692534396,0.03401067881701539,0.015050982140403322
0.0269931364804752,0.07573200131762535,0.045579240925049364,0.027116085500877067
0.015241223607934909,0.052546848885447785,0.03845452217941677,0.020915999898328572
0.01917212520551364,0.041376780467773086,0.055222340037848795,0.015230849130937753
0.021429439676650293,0.040487825635856865,0.06053451588300881,0.004060035542668214
0.026325231872763324,0.03541107938806178,0.05355372622353749,-0.004837199024407553
0.01814608606605957,0.040493729484877755,0.054600355645903126,0.007476657203943955
0.003589320600818841,0.037532754580622336,0.05453196004553679,-0.0004688115502923725
-0.001457060397325155,0.03597547549665833,0.06376106978871021,0.004102168480589557
0.013893741822510205,0.030763713654168492,0.05838246138722736,0.00855002983275613
0.015002350592454465,0.03520412576070364,0.05952160102227487,0.012096115051034723
0.01763944633963999,0.03714975721893315,0.08775990518305231,0.018116751232163775
0.0135277649857822,0.035975094718818844,0.07946105581871098,0.010096901662656506
0.01706308793428704,0.04609926155844591,0.07917905800288935,0.010625944051770468
0.016651085150072905,0.03165166738209385,0.08151939799985736,0.0011547921890019744
0.025621672306584506,0.03401008732412579,0.08535609342209152,0.011978209873776709
0.02223900927498385,0.025992131800846398,0.10369256927826134,0.017218490620190006
0.014145473935435568,0.034086830131452965,0.08842483452880213,0.00919274963694462
0.013820939624716236,0.031704179687229814,0.07439277703783224,0.015282525596762978
0.008782579812506462,0.023148137381658454,0.06457318076761877,-0.0064872985491294536
0.0012639644375017029,0.020555143043588957,0.05669410223380023,-0.010110815451707191
0.008535097843596308,0.021913190595128553,0.06329426689211601,-0.004383717871621805
0.0022761451685633202,0.0326571069610371,0.07141557272254118,0.0004543993363626474
-0.0030673105273298436,0.02433761710939659,0.061188649954021075,0.005269505966089998
-0.0018218389905700469,0.018058251912338414,0.04937750445743293,0.006082510422289229
-0.009372366124413388,0.006928377837306786,0.04237641108271265,-0.002744745128220204
-0.0032647346897899682,0.0021307977328454187,0.039359713570236425,-0.01197973149091265
0.005680892207362258,0.012653863327845257,0.049084181978442325,-0.0014244203091343206
0.009549428726911903,0.014363700750552374,0.06112511830684524,0.006958364864907704
-0.0010787600606536316,0.014648125384557297,0.04676343035909436,0.0088302757899497
0.0011011826451517474,-0.00015217345212679742,0.03385273843960375,0.009672805132012154
0.009222629262668211,0.005095106345272595,0.031219670821784645,0.009625661868705638
0.016676687918162236,0.009441578610856101,0.043850242228590075,0.00429571914134084
0.013215743429082298,0.0015325799188199722,0.033285348795181094,0.0021587797464603115
0.01150587881656581,0.015387613208786038,0.038891945174977294,0.008954026636083107
0.02259938761381474,0.035978259527130484,0.057272940841758976,0.020305111485427386
0.02517815070934279,0.03139205668353978,0.05399314739994782,0.01726612678777945
0.010345496233398655,0.007897627156936362,0.04081264777277593,0.006812594405636844
-0.004685894312139457,0.003463270356242615,0.027885175213515762,-0.006536013514756551
-0.012649885863611232,-0.0015086516744283887,0.016522356625925223,-0.030322622004772187
-0.011937035387262174,-0.00106032152630773,0.005860710002835766,-0.03412302120969564
-0.015770252065233574,0.0026480745552191344,0.00478451479932322,-0.017125754491018032
-0.03727037888060248,-0.008266971152874199,0.0042822830518673485,-0.013097525903444434
-0.028818954512804505,-0.007806465523675506,0.006445105492175288,0.0006071467532073807
-0.0029940119760479044,0.005965164632612747,0.020700668496648082,0.015925321959395528
0.009596879932268008,0.011979013151751965,0.011825016811840793,0.019069117942421894
0.016637263748408987,0.0058271414106092516,0.010951937661057842,0.023974057365728576
0.016901610939664462,-0.0008393225268708016,0.008594331554367987,0.01134784319093925
0.013585938915474223,0.003014408965286338,0.004551608706753619,-0.0007808108108108783
0.01547304799318235,-0.004377351936742715,0.010942904273561996,-0.0073534463477384175
0.0060683296466915925,-0.02384599090546377,0.011274331372188345,-0.009795138676258478
0.003363351351351395,-0.015440800967029676,0.015466537217313852,0.0024000599447964784
-0.005918604509628615,-0.004311383233532912,0.00355219422609434,-0.0005409388874477341
-0.0032848833721206977,0.007242950571587815,0.01073130522383674,0.005059094407454001
0.00048002518948703487,0.012447646943376708,0.0109202161055445,0.005730213161900469
-0.0014425077069935449,0.013667740641087089,0.012592926915161624,-0.005566820370726905
0.0026499820437838138,0.014256104631754087,0.01694193041490511,0.0012027724392757316
0.005549273411212343,0.019570742449108305,0.011141980532966996,-0.0010186840538506752
0.003591559961589244,0.017416172837630844,0.009473748561143998,0.005517566105386587
0.01166707969489459,0.010330336336336314,0.01635712312590557,0.012580484783588522
0.012643815536798343,0.010282782082076093,0.022384972815625848,0.015076940535246029
0.016012947822569575,0.011825903857022741,0.017721956481715134,0.01619577041946856
0.024920236413644777,0.021660865914775892,0.02080336293519129,0.015567219001140033
0.026309497268368575,0.026988075584182248,0.03008383764646537,0.015693734302141722
0.01739544045487336,0.021500892257927288,0.01702942334881764,0.0036688323667427233
0.0201001724895582,0.031606286393895885,0.007006612270527786,0.00956256987043113
0.013018683788974595,0.02005271184068839,0.004302280941277446,0.0008222235080230947
0.013846955031452961,0.030370477690464765,0.0259281556886228,0.002750795957211754
0.005961832100541159,0.021212804973249975,0.028609398842743775,0.004775644096600066
0.006107910821450425,0.027407897702773912,0.040196708480214935,0.0016371338457413173
-0.011061687866898788,0.017095021456238355,0.030996412416843127,-0.008450225727358061
0.005070455721534871,0.023966873473495257,0.038564652361183505,-0.005019558687683965
-0.005437601622157503,0.020334706122350638,0.04030341386775777,-0.0018776669625356114
-0.0014670500213121293,0.014911129311436734,0.03258699695435982,-0.006712941529542373
-0.018327204595491774,-0.00017833194520075924,0.010150162162162118,-0.004616198114362346
-0.01613660387438803,-0.007811154275070907,0.0023913074097851542,-0.01642519495262984
-0.017103455923220524,-0.006079918397262863,0.0056740849293353025,-0.010111704522808754
-0.015446528878223688,-0.022963545593150916,-0.0018000899603961092,-0.022331940001599764
-0.03032790502535395,-0.03254124995586303,-0.006431400085093379,-0.017182941706606253
-0.02839507248459478,-0.025588096069877452,-0.0046373707086340915,-0.01431379512511232
-0.022802097489372314,-0.027772905500630916,0.0029555824880214206,-0.01247182526215038
-0.000891902004971633,-0.013907698752239786,0.005866126013002839,0.010098533240571443
-0.003220570206006571,-0.02451407780874243,0.005111895628529608,0.011070792297565822
0.000831446702950204,-0.011148891106077776,0.009827414614470972,0.01966479047220208
0.011360897984125335,-0.017862343329196742,0.009055985094878722,0.011847492253112152
0.021476121812290614,-0.000710155644728846,0.0163727256855256,0.004820358448836628
0.03007200871127223,-0.00134918753241516,0.022585350134198684,0.018608268455445717
0.021590065080527125,-0.0013522104167357808,0.01895499890417495,0.008010864989060815
0.014758456934713097,0.002115655803581279,0.017058331932283705,0.013491851411589897
0.019924620956003555,0.013496670271756092,0.013315931439092038,0.00953509590044067
0.005340576659373877,0.010437168371648696,0.00254448776423195,-0.0048167703002593544
0.005705836552748828,0.004929338254859768,-0.0011805501167451494,-0.0038852535434524414
0.0023689309196707545,0.017371958299038412,-0.005990509050554789,-0.007447829991840724
-0.004288122524432451,0.025468795666023065,-0.00790124073568282,-0.005573225161254316
-0.0052392949090272764,0.022448066256475673,-0.0037144330893554515,-0.002597107810141709
-0.0028735924730566888,0.022552321521243212,-0.005846927473817035,0.004846001808864729
-0.0019946731552111315,0.012378017654404324,-0.0017018308385228238,0.005140295420974823
0.008086383049066127,0.021899047989617414,-0.003151864785479882,0.007551165345736729
0.006441675757391899,0.010562538320376515,-0.0007041133752389127,0.007811616944292056
0.023220047267355957,0.029301592867756292,0.010915854426663344,0.01852610726651826
0.016990172172443196,0.020965311662470305,0.020240267383320857,0.013343546124604578
0.020475831944036696,0.012922914329096714,0.011556291361786267,0.009661040269496251
0.002352490750764472,0.003296626929317372,0.0019399587793076766,0.0007633000452735887
-0.0011756231241365615,-0.0035186839427942284,-0.0014104724633174901,-0.01882431650173357
-0.03097367068807134,-0.02909777540957153,-0.015993828218160037,-0.03996750994818434
-0.027950733506446234,-0.022901694285228258,-0.012703554752830516,-0.04001396961245676
-0.034415014672047016,-0.011760569219762481,-0.006889202788656615,-0.018834666032052232
-0.028307929858506383,-0.010280679468242224,0.006912683295788104,-0.014183162831722662
-0.03723032895812651,-0.02058870333870285,0.0043557228489584255,0.003142018126888218
-0.027518560069412192,-0.019173813922921404,0.0028438372882231937,0.0012082397514658995
-0.0281308795683955,-0.02875963082255864,-0.006855905742458025,-0.01243871539027205
-0.00700908761329297,-0.03397601204961225,-0.02201855007218428,-0.018924237923832486
-0.011719143905001868,-0.04209840912634736,-0.021121276218474375,-0.014576544643379196
-0.026970422037014614,-0.04456838441746835,-0.03447660136537862,-0.01828163333288186
-0.017013856397046737,-0.04919730537233599,-0.021337271916790572,-0.0029065944223482915
-0.009637428993195347,-0.046232386137434786,-0.026236350859235473,0.000486807849258917
-0.007964323399169705,-0.046508953299594605,-0.034187070189524514,0.005012175855299082
-0.0013927273912603233,-0.03238860075526735,-0.029198746959402704,0.01352096924192251
0.0009127966633270634,-0.03195617386954063,-0.035362414136466964,-0.0010324243645711926
0.013508508062035154,0.0018730996978852407,-0.027279178746015088,0.008453959475172934
0.02083460668771293,0.0033829468628768025,-0.019596222637188233,0.010217783848896624
-0.0017004675889597044,-0.016983590378043267,-0.028544422907564676,-0.0032138680925626276
0.022320873644579544,0.0034624859250936635,-0.0068537902511077485,0.02188577354593683
0.02578765388380551,0.015901698207403888,-0.005014400478272783,0.017188384502603873
0.02134490882675626,0.01623016724296587,-0.0032548408866100564,0.014027615387322674
0.01811657796472193,0.014109252840676156,-0.015056154884762467,0.01879788238234927
0.023339937559133127,0.0324935933429132,-0.0025864214256530673,0.00945920065344033
-0.0008428596926120358,0.01442543345627984,-0.028280263469534887,-0.016008519719944964
0.01149774268470176,0.02187939798933209,-0.0236641158485476,-0.012824253932017892
0.0019632459269020327,0.022834895594925447,-0.027485825109139505,0.005672639841926055
0.01002017052009569,0.03606622109313014,-0.011833592504400336,0.003948685924332939
0.02137390102486086,0.04628391371224814,-0.002377655968711883,0.03657502858504949
0.023705744170861957,0.03959734304536192,0.005926239755228979,0.031093990952210434
0.016265966017572835,0.04833118583709689,0.01483053218962491,0.023868923214213553
0.04157624553486564,0.04251856392881691,0.04447130513595173,0.014734340543551277
0.047633354239890395,0.04870557319546385,0.05225328842438686,0.012555967055490065
0.05106285537421754,0.07689499096924829,0.05860544756245997,0.032547841430846505
0.03304954389024203,0.04693914086356445,0.0505641529032342,0.020528844577489668
0.028250886637510155,0.04879636431171912,0.06547400757802649,0.023313652532027797
0.045322007170765184,0.06400293562916667,0.08127188122143471,0.028819133947768125
0.057875179101424507,0.08926970150313665,0.10463848313333225,0.030504993096712348
0.05883372637490608,0.07867754921465613,0.11372765884696741,0.04006138856827798
0.04276937203318935,0.09448054554492757,0.11026890182387879,0.026852846553523924
0.01728617066351443,0.08305766324513955,0.10675431290467598,0.004854611718195051
0.01966135969226862,0.06543168347502297,0.08976070473070077,-0.016335906329743518
0.030414410257303532,0.06997356959294732,0.10856347291769222,-0.004152297460264989
0.007812030273510457,0.04987503371432332,0.09846735918340067,-0.005670546166430985
-0.02247555665470399,0.04013068665269854,0.0813170982640933,-0.009773406155337578
-0.018958646227168457,0.041289700286596,0.0916164663014024,0.000668724914526108
-0.019874477096864473,0.029908584809044358,0.07369881881308506,-0.023262220370610168
-0.008884973246501894,0.024628244737031506,0.07453335070921065,-0.011793394541867099
-0.0013932233460407562,0.012258490289040963,0.09009609775836167,0.004878841217183155
-0.03236961030625759,0.0022161552952870214,0.04925932058443249,-0.017765666270502065
-0.009634051217352146,0.011193374476756031,0.06053593476732043,0.00471828346187872
0.0007289703616935831,-0.004240890409652147,0.05949061578361522,-0.0001680804609610349
-0.005457763482487897,-0.021050301732817613,0.06634024561807945,-0.003404207786101734
0.00550466778354585,-0.021963634496878295,0.05498586978371697,0.014968532487626453
0.0123823736526753,-0.005230109035620488,0.08875629295436221,0.010175026840024253
0.008984881868576636,0.00399822852067714,0.08738797528386422,0.013168988733577887
0.02273635036390415,0.0052385364997935,0.07101298623694331,0.010079532869531515
0.01666020620171661,-0.002304262856108746,0.0675080692395162,0.015865097365094078
0.017652054093338043,0.005481451716508193,0.05562987301999579,0.00503627201243827
0.019431072690882803,0.020917428519392104,0.06188754594158259,0.006913716699440541
0.010167069162814088,0.007072867087022356,0.04865460393580844,0.0024947166400178123
0.012009513398533353,0.02713027033157489,0.057850283131723454,0.005554000366653843
0.00790925318734644,0.021010757978726088,0.04615646080536819,0.0034691078148972763
0.012917185582736728,0.019643981029700518,0.03214327686943217,0.003625399555747255
0.005554000366653843,0.036797676384806965,0.03909538104546843,0.011226007728518433
-0.006387687013622758,0.008777363693670388,0.020068986489168356,-0.013234162675083976
-0.00950286169454224,0.010479182019823782,0.006193850547642764,-0.010481199813009906
-0.009290537971680246,0.0031918019577577613,-0.01792568816934205,-0.01948449928087408
0.0006562123993425371,0.022177538187183325,-0.0002731956524788256,0.0006562123993425371
0.017779756742133696,0.02645414216111417,0.02108567507754725,0.027876296520989864
0.004487942469401872,0.015099535147684704,0.019158135060438283,0.0178016408351182
0.025155889614153392,0.039250481227118154,0.04469463280545437,0.0463857844170511
0.03269781608625798,0.02469062332612739,0.022329466783794077,0.01836266298748861
0.026619275807814185,0.01938319869879289,0.02497089848308,-0.0018871299838943098
0.03058895441548281,0.014171941540698615,0.03538581063424929,0.005993603258288078
0.019291720828324883,0.0314106781904476,0.03870570882942422,-0.005067811610611894
0.00043134738539203144,0.014710718502074123,0.04224009460338198,-0.004239524616067984
-0.007737143833363136,-0.0006584810548971792,0.020338441737750887,-0.01625969145040209
-0.011309137527131197,0.014394334733948225,0.03432107780209758,0.003845480045348004
-0.0012879145924206518,0.017718500395283256,0.055168176423659926,-0.0021982146318753368
0.03327573555736114,0.06007535402266295,0.06938002094761626,0.03088114204988722
0.055083126927283524,0.08030166059166136,0.09162233832931926,0.06968316913028841
0.04294680829303543,0.0857940860438991,0.08925972573345582,0.04953063665761591
0.05939102032781966,0.07427047380632801,0.09809514826253138,0.056260078787960896
0.08044585096674614,0.06087234560375081,0.08893681344914707,0.0286490800326698
0.06231791976514327,0.07279463887535893,0.08899333923130513,0.010728932072962981
0.06732938525536643,0.059586032128975765,0.10117529379157074,0.021128937463933073
0.04595361797340871,0.07368257644483361,0.10019246851165897,0.01780536132351056
0.03080082088089085,0.08470186054186106,0.10572685223369428,0.020532669763485206
0.026269796909936374,0.08124356601734371,0.096566886626198,0.01391643056486593
0.018568417713898704,0.07350815702933236,0.1072277762846012,0.008004812767335856
0.036948588050126754,0.09959577311351485,0.11577161699785833,0.01979303174613274
0.031591254160146666,0.1153149189208999,0.1145805051765463,0.011503973931713573
0.03287518922430664,0.10693864480281942,0.12287229018605422,0.027701241604437044
0.02304186454094537,0.09983872327226033,0.11932621612530771,0.02227545688604806
0.013495975893984422,0.06393766240034328,0.12785409412708837,-0.002548664424587877
0.025697489713532754,0.051129321594517635,0.13553675161514384,0.008123647244726232
-0.00779141440519726,0.0212831581064536,0.10890321324822369,-0.03168258858095947
-0.022643704468184686,0.014447763640767344,0.08979127969813698,-0.025747455443776615
-0.014868814854665858,0.016924177091994792,0.07882673705274859,-0.01680506650299898
-0.016231243590734086,0.025090167225812313,0.09971123576369662,-0.014309401599663039
-0.007133046951003168,0.023108271079185567,0.08407123339113076,0.02295377483230097
-0.041422992516903144,-0.024941294673918795,0.04690354291947067,-0.021714066060597337
-0.05201208370805045,-0.03331674253012831,0.04856312793223672,-0.029886526660733215
-0.019681888257688684,-0.024445248097849873,0.05481229879184582,-0.03507903646554989
-0.03505343693789803,-0.038957161927094405,0.03168732592588397,-0.0531443900544022
-0.026837898482440954,-0.04563053494893174,0.049420629758761,-0.0018454018674861972
-0.04320468173012254,-0.04923440475981288,0.06040305276809042,-0.0051517180714454784
-0.051225287613299385,-0.06019694754928929,0.04030431726134273,-0.00996149935815144
-0.0041008970258263775,-0.05081099450692278,0.043954823945572555,0.00966636014620482
-0.022152403162369792,-0.06731854619720273,-0.00768507427689811,-0.025215709607561008
-0.015096287548138602,-0.06324476126305822,-0.015349101406327989,-0.006731929953229111
0.006184403972398018,-0.025420330707332392,-0.004678197518441286,0.004149177990240962
-0.02393181479081848,-0.046888349693829705,-0.03311801784694445,-0.021721232353928498
-0.01361920659924812,-0.04802838818588418,-0.031917052040990365,0.003529835135449464
-0.029407183542421996,-0.07278404030338373,-0.04952003682015357,-0.024347005102413995
-0.020177053840730114,-0.06328117280149008,-0.041635220217610125,-0.016786322933803402
0.0012117117244793522,-0.025835600514295655,-0.05013252186270976,-0.00010525623598079595
-0.0114696680201206,-0.023182731321504654,-0.05572710076104925,-0.004567382498265008
-0.031248401264147525,-0.036919137355584046,-0.06046188798121807,0.002244303741820681
-0.015416147694582192,-0.027491908611286763,-0.06537806380292639,-0.016967829286783833
-0.05197393011285024,-0.0726170856993781,-0.11493406418141479,-0.049778948371146284
-0.03580205747462891,-0.0656102684189827,-0.11161439066705542,-0.048362422612929674
-0.05484346997875892,-0.06685337966758349,-0.12302595782753054,-0.0407336323388104
-0.056251249177850696,-0.0768478128312117,-0.12375409354249875,-0.041575368952723554
-0.031696613935464316,-0.032716885651091994,-0.09783297867016308,0.01672391165440346
-0.01908723628798507,-0.04082165727356927,-0.10148466256799822,0.019618676350934686
-0.00032062201890074935,-0.033779215775119005,-0.05834086764641353,0.03973993485704692
0.030734316859737345,-0.020677644119516385,-0.06659645320502565,0.037803171302932675
0.06129460140440481,0.005354914014172912,-0.042930662060686,0.043028288354195324
0.0676967993296666,0.026504258985274542,-0.048208868372304724,0.04413528740374583
0.10030660383696896,0.036667340635284,-0.028934184485118582,0.054899174724465635
0.0759258526385887,0.039465377164058305,0.012610164931206029,0.06130117495027198
0.06984458245123566,0.03807816550773604,0.014012678306049754,0.027832908616188028
0.03784672440836541,0.035135402379349485,-0.0030809037227214767,0.010671462446492504
0.03502922057085842,0.029498150229836102,0.001195281168228678,-0.023766099600002123
0.014412506527415162,0.07575585806007465,-0.0023623972762818178,-0.016604222518120704
0.02535135266992125,0.0916093926888784,0.019988607425878397,0.0007112686002004353
-0.008614558804389681,0.08737217193610683,0.014677667285697402,0.007674504486464195
0.002278080469507695,0.10393085239149637,0.019096180868314667,0.027718718745457133
0.012853726435464872,0.08583874991812365,0.05031348770152773,0.026253506286767935
0.03425191452748647,0.09142302079406504,0.046869324298726055,0.019444595524980516
0.029275884638750714,0.0599774714286508,0.024172263704497363,0.013545256662979338
0.016472830651519305,0.060871443054009364,0.03893512089798077,-0.002676892704760557
-0.01949533421589405,0.008511775456919118,0.013912269296771779,-0.031249979779043036
-0.022336919966964366,-0.004320676595918521,0.022069066057866182,-0.047460153673404094
-0.038688836843051695,-0.03552241888157333,-0.00015759087960922873,-0.040143180599133924
-0.039827462681443396,-0.030981042912156108,0.00726165570843808,-0.030588518109391123
-0.05358570637073145,-0.034496819239985564,0.00226777067523985,-0.015999647491336217
-0.04130307776045966,-0.020860098507136625,0.013542375917491746,-0.006116996787431408
-0.04659177389778978,-0.02278743387866386,0.00603852920326696,-0.01087588387667859
-0.023455697627098405,-0.02913615332894452,0.044412470435126035,-0.014731961286510853
-0.012756846076084113,-0.041326084980829084,0.04649745016074659,-0.006367033490682155
-0.006409924799979754,-0.03337762233376406,0.0510782742449787,-0.005207811513693463
-0.012328910378527876,-0.04510332226114136,0.05413990340206623,0.004249458308973204
-0.006998453215055735,-0.05342091666622745,0.02783224854578699,0.000583250246556104
-0.0011572908629997431,-0.05438245934687557,0.03206875273548768,0.005560572943276269
-5.3091470654737504e-05,-0.050632877878007736,0.0063077615643644894,-0.00454762305246887
-0.029162247216471454,-0.07272359207401417,-0.01627893901362117,-0.03152434181238064
-0.03887092581823947,-0.06027028270412987,-0.05227151436031333,-0.03825977283758987
-0.026122378371728833,-0.03712033173795515,-0.04128062338530075,-0.030071660257224127
-0.030096281922101883,-0.03656810238461521,-0.07079153381557798,-0.02592300132802131
-0.043717872364871464,-0.05725624863918347,-0.08646343325525996,-0.014418344694101306
-0.04355384338651139,-0.044359041835999216,-0.07732561522810937,0.0006611713961879865
-0.02709166533864546,-0.0365597673889606,-0.05665722554696551,-0.005538383075836272
0.024849742495366083,-0.0032402051216457914,-0.025953803040346838,0.02334078157116165
0.014766614833692886,-0.023488906993990314,-0.051940683927228615,0.020558521866842233
0.0014117120205431263,-0.02330142961074592,-0.06366455773130651,0.01552773517136859
-0.01107050801850093,-0.04108722414950438,-0.07309345263286357,-0.009882599286353124
0.023827927702563003,-0.022744118509934626,-0.06682160546437682,-0.01540100768668284
0.02202521875433501,-0.016427353531919372,-0.06897070591407149,0.0078188793812118
0.008899836491395197,-0.026859099777251465,-0.07978089522239698,0.0018977715842564045
-0.019291207651197628,-0.022417003984063724,-0.07191484443695555,0.014834030326106272
-0.0031492751604415997,0.0026760785578565515,-0.0702421275615572,-0.006332534269661514
-0.004825679302606634,0.011295321745128682,-0.049655733193814194,-0.011152459397917902
0.012573061929481762,-0.002986387609126237,-0.0399958636483325,-0.006277757367019008
-0.014505266683948526,-0.007034918662674236,-0.04334576742136534,-0.010596082218095302
-0.007919842638220891,0.02039228558824116,-0.03803154882490389,0.0029958222778106894
-0.005195324197398658,0.012168966399598184,-0.032729879126021676,0.0015256293488035285
-0.014291175429501639,-0.009555009868031991,-0.045765448318818125,-0.012090192029468231
-0.0010893676363499926,-0.022701812609703595,-0.02586845920186078,0.007194623163503598
-0.007573275869090925,-0.010968149111887378,-0.03419942627149235,-0.010807021889904522
-0.0255418915570714,-0.02982161366779426,-0.052428157046781214,-0.026602185908958256
-0.016750895026901438,-0.012738485998422597,-0.05330232111838446,-0.01306502248285625
-0.04089278831808823,-0.04411124821690968,-0.06585209526977777,-0.036970380265937935
-0.04466328847436064,-0.05387640723087976,-0.0694187139741878,-0.035904437087162254
-0.0375964290274452,-0.055200763368334016,-0.08057722033449495,-0.024311133796333345
-0.038388096615890065,-0.041732288440647095,-0.06321377954847274,-0.014969519158629924
-0.026900873793056466,-0.03453345028669216,-0.03194978595467663,0.0036237981789037465
-0.011512871405522311,-0.03634084261951574,-0.025456002384263574,0.007174955827259391
-0.018041646752173637,-0.04258791097342087,-0.04544711457291751,0.006988205900009076
0.0036803918029534033,-0.026471918645958735,-0.033320609514113725,0.005160130246890924
0.022550002718808665,-0.024818029894743212,-0.004931840659853163,0.013088897038081828
0.04187190351847963,-0.01049944470951965,0.001541754300193951,0.02838245118964356
0.01774873770063831,-0.010584333315909552,-0.020038209774661486,0.020932838095571567
-0.004062064880112814,-0.037406619976043436,-0.059259234508688495,-0.004118221937217136
-0.009215751942549625,-0.03793570808462391,-0.0484877726935741,-0.024113169411415166
-0.010807787073814848,-0.02811154751456344,-0.05709482947277455,-0.04392767630945996
-0.027642977198549464,-0.03725631479224883,-0.049520211746337535,-0.03967013126075615
-0.0315197570828185,-0.015287905468048915,-0.058724785092140845,-0.014841641731386501
-0.059871345647761476,-0.026251357973627088,-0.07871343635195611,-0.024195417022500065
-0.03599282451510641,-0.008935719911379123,-0.06364322471935939,-0.005060322198745978
-0.010026647085632171,-0.009016223112575363,-0.050372243929643234,0.013924309503804147
-0.002967381791617731,-0.014273619181946424,-0.048314152150207665,0.0046575641502487105
0.01081083993596924,-0.006162695939466641,-0.0422795809957343,0.02795321052631581
0.0368995124338621,0.016609772185271193,-0.02668551428726481,0.03294415020357991
0.0254728991898593,0.006092750933452356,-0.02054045451954682,0.020485243204544666
0.04163739766081865,-0.008074911975695447,-0.03269253846362843,0.019459672507671246
0.03363768272713722,-0.01676839307696063,-0.02709177897050124,0.017408106823348028
0.02603572402253733,-0.0009471696221789115,-0.011521477779100616,0.0033012365527012896
0.030162568508684935,0.019600102076701383,-0.01853969146921688,0.009252041252709139
0.03202870083074686,0.03520884971442446,-0.004062531014961252,0.018470744960440842
0.026354028500704854,0.05480160626112503,0.02514950078827757,0.025665383038814105
0.026466312133370203,0.06207935099745094,0.02251018836234258,0.02091350199000058
0.027004256316086286,0.05186584320934183,0.03578501763328785,0.016334173667032232
0.016327438298533566,0.06292394736842108,0.035020750327311896,0.0019292816949610843
0.017121226001017543,0.05409779669176294,0.04467867402132349,-0.005724189282392792
0.007722651043873324,0.03788058016366965,0.028522817288704847,-0.009177280773268641
0.017860040397772142,0.05683375081940388,0.041748908321579646,0.009402509516304395
0.012756970448120793,0.056832432909502954,0.05031949596651491,0.022062109981902216
0.018026893018976236,0.04274843306429936,0.060068246984045885,0.02182254573356328
0.0193517090442353,0.04558710991560178,0.051957611755545814,0.02806260811383253
0.02409773393754762,0.04502584900701351,0.03658735726395547,0.008069347676231154
0.02653797492767908,0.046857555286458304,0.02930343630382893,0.007805334385415614
0.038648107877160866,0.05063856506205516,0.04964343212933874,0.010892884680763538
0.021121089232204425,0.04755818524478627,0.06809043260686815,0.011154619986300142
0.015772153398887778,0.0401851763368023,0.07680889988561687,0.013753078402025819
0.01899545493134002,0.03527231776103266,0.09200690369201509,0.014314672501256936
0.02799378437285468,0.04714303558552418,0.1121489956361742,0.017516869353558433
0.01622437421416338,0.034056804451963164,0.08768903254122173,0.0032352213752019016
0.023127881513044152,0.05386228141126435,0.1201754561403509,0.015103370669370004
0.0192685653127479,0.05285666594866026,0.10981389180871826,0.01116382341749841
0.011667976478366836,0.05165947040303581,0.09149694127652039,-0.004903761230071836
0.015792241904487154,0.03807202398284402,0.09706955072647921,0.01332199696929595
0.019167978488719793,0.041825853650732596,0.1010353515817235,0.01038888002523292
0.016119760904379412,0.04518135841821546,0.08986122375861003,0.014373476421758659
0.02130470456111857,0.03603797374356209,0.0832679507293472,0.012791622542594982
0.003445596396049059,0.03260990669716293,0.0791040444392557,0.0027650981811126957
-0.010675986653973842,0.014688601566667014,0.06223442881311618,-0.018445758649996508
-0.04550455045871558,-0.03354738592041707,0.015392387657045183,-0.06525306533141527
-0.0761164312020816,-0.06077967020769546,-0.016112055777763788,-0.08333767707088682
-0.059780884667077636,-0.035665056210891194,0.0030869135530144738,-0.053275093008034666
-0.04646269147993991,-0.021958915912340643,0.012538859988944141,-0.02231933977828424
-0.0459133231956796,-0.03844746686371253,0.006883038423282385,0.012357883855082182
-0.06706206508800547,-0.05201943747051297,-0.01973424882818419,0.01259252950686153
-0.07874930737090428,-0.0863482523672944,-0.03713688482440814,-0.03824809562978457
-0.027132431537721602,-0.07754399900960313,-0.028786050312916703,-0.04630372683580949
0.0046868937757499245,-0.06726082306684146,-0.019076011162310964,-0.0347222697316847
-0.0387426661606712,-0.0874373727674333,-0.05269426653758787,-0.024537189539592264
-0.044096285879422464,-0.08267025203416226,-0.04430215224627971,0.014456305766993515
-0.052734378422631005,-0.1036040307198071,-0.06310364314711504,-0.01428328870650686
-0.023756462378456168,-0.09384545686789726,-0.061189483234893045,-0.01607464046846485
0.023598675035674307,-0.06799858240471321,-0.037606103135307316,0.024125320422196648
0.010218466374457457,-0.05806179366183192,-0.04422603864850959,0.007885597922716956
0.017760814048570387,-0.005437496358200264,-0.038802468489847926,0.03711337787697441
0.048593643363750785,0.03574454877733454,-0.0272076633167702,0.04775505595515878
0.041342865210093824,0.01599166886854067,-0.020243731111452987,0.03204201201318541
0.053837306282795844,-0.009314575121188285,-0.031068953061683575,0.028277623468451776
0.061293243017174044,0.007975184158928584,-0.03077890833346636,0.026010553059304706
0.022887161007520203,0.021860349358563166,-0.03129625118849115,-0.0009813161158141331
0.025483390795983156,0.04851154358355359,-0.0420255957918205,-0.007464328011025373
0.0008283300107318996,0.023146789839474054,-0.05619210381851674,-0.015054369565217392
-0.003434767238411936,0.0273718247231546,-0.041730049803407554,-0.0161472636472945
-0.025530078279692954,0.029956586210342823,-0.06010011175240396,-0.01680856208228116
-0.008532646739130456,0.027543089967340405,-0.057404156256221486,-0.005831100817438714
-0.011141568857263551,0.05223364654408997,-0.05678200049687857,0.013739475003906067
0.01451642069099483,0.06192160472891119,-0.03773491342476409,0.017014065972418866
0.021689351498637603,0.04655574995286235,-0.02460855745143379,0.040630505314598095
0.05837886792206301,0.07192352663548095,0.009685724010708465,0.05141701123674335
0.048908601905794644,0.05881375017877453,0.053056454268165076,0.0435989274787779
0.07804172229037035,0.058881273131406335,0.096730506448258,0.044755283854393264
0.06862908776190109,0.05446771812884787,0.07133041670973009,0.039844256237342765
0.06183322957852592,0.06021740217391308,0.05034192753657308,0.017048141567677824
0.05777302499536389,0.05839930248557563,0.06684023183657965,0.02560894540466161
0.03989764860033382,0.06395984326675823,0.08721837714405167,0.0038101431170314637
0.011938939700108855,0.057765700272479605,0.10907954714243609,-0.004360046232778288
0.030563814333986705,0.09027203200953562,0.11550832960231668,0.012866485412482238
0.022551771071198847,0.08649277096914161,0.11623206065908351,0.009967488862731426
0.039189531251954915,0.12450039688054197,0.15818658996325866,0.03913617524644438
0.03619026516105931,0.10804147758751487,0.13856036369225258,0.04142191010545348
0.03356390375083356,0.1062486604275601,0.1640320619462063,0.028594610629983426
0.05062574192459902,0.10182898661094102,0.1700560055987205,0.03136956602106044
0.0460586642125091,0.08299550529113522,0.13341517323554314,0.002221220242286772
0.029252488066247924,0.06026795850339345,0.13652616925755928,0.006084871901082774
0.03821750136301599,0.07541859021370861,0.1386679905161476,0.014514844161709188
0.015400617313798538,0.059159746374422034,0.12152442069048544,0.004296270035675647
0.011130899431734934,0.04842268348431928,0.10552787468823346,0.006648965950269606
-0.008758108424569299,0.032704556769483646,0.0948913423913043,-0.009391690254012144
0.0045891812274648745,0.04643005007338315,0.1075408350976147,-0.0020369464858921364
0.004235623668485758,0.04585549178811838,0.11274824512256479,-0.008798857315677394
0.0018193932689038407,0.049665114384385894,0.11029975476839235,-0.0031801653856850035
-0.015471176919625776,0.02737994893223231,0.12012362456819786,0.007644162347318939
-0.05254976730422258,-0.01863047275033826,0.0662508970061615,-0.052826018315089346
-0.063016801521683,-0.054691747957781735,0.06299950459592583,-0.06076507780574034
-0.034746350425769616,-0.037993430483790586,0.06594318073563701,-0.04554823683252588
-0.05933812393763667,-0.047628452872750075,0.053559748238843144,-0.046502472906403906
-0.06287392043768272,-0.06712883789358162,0.027864487182285843,-0.01959975432323505
-0.08540300664074287,-0.08224979105471106,-0.006080648732251874,-0.026995974805388043
-0.0756650295566503,-0.07734669020373433,-0.021740258815914373,-0.03507151987297831
-0.041405809381399906,-0.09389398036865039,-0.025556741783899023,-0.034769560185674314
-0.006631455449622914,-0.07520296278051264,-0.02049220461079083,-0.004396048729369445
-0.017587235816565516,-0.065316336735243,-0.02005644555100961,0.02522269561495534
-0.006871264795115401,-0.045815599519958276,-0.014609421625903035,0.02446171937999217
5.230269989219517e-05,-0.07134182686802099,-0.02822418138844669,0.022801444919965295
0.004829929265427176,-0.08170666743619422,-0.03959787506573076,-0.015769553832801885
0.00452998297020886,-0.07485029756429033,-0.028902631770140238,-0.013347927624767098
0.016967285586176852,-0.06403940886699508,-0.038412855679191435,-0.011600666110402457
-0.021026071777069184,-0.04443298751461222,-0.06223565270184338,-0.02538066409295449
-0.012458066830017227,-0.01488168280720814,-0.06875952551971039,0.007583844061529426
-0.04791131556804485,-0.05882959265757915,-0.0945878851023443,-0.029020111703005134
-0.049191450085121255,-0.06132463382232528,-0.10603228926313008,-0.04373683157894741
0.0006408673189258602,-0.019468290564493486,-0.08529024473670609,0.006013724065353277
-0.0035015278396326056,0.007996168466162218,-0.07491130577412895,-0.004399459251575014
-0.010736805263157945,0.0017054359502528106,-0.07577316407958803,0.026991601420793272
0.0054230829729627825,0.0022480222421663973,-0.09185703388275826,0.03060156276513227
-0.01924098867293559,-0.02738649002874024,-0.10052990761893264,-0.012435962785888368
0.008632947030205548,-0.033710150942059564,-0.09682466410697513,-0.017196379521946657
0.023556601645037156,-0.03256513099027481,-0.07688873951046768,-0.010587390539946053
0.012489303947004062,-0.0072740542628930566,-0.07809693681106214,0.013084096128170875
0.029335004745408063,0.03257845992900939,-0.05179008489818778,0.0449116199800661
0.029314714805261773,0.026420477839129985,-0.050407400353209966,0.04804980883911774
0.017463305740987985,0.0027368631578947376,-0.061477812807881775,0.024466327770789248
0.036804826443305606,0.03006867939033838,-0.01570034938020562,0.011280964859477658
0.04333694333682741,0.020884140339570974,0.005691666380128118,-0.0038274025825468924
0.043340312720652224,0.060157331217193084,-0.0022112927312606064,0.0028944952556236732
0.024512435812004844,0.06967914503077619,0.004081463154385857,0.020102886413964214
0.0038274853383155854,0.03586678567534805,0.015700230105712476,0.011676428517023081
0.011991481821515127,0.04237869837215889,0.05071373404988157,0.01656275649337208
0.024354397977022855,0.03830600517055736,0.0400767695591386,0.005823867473194095
0.013552992359319997,0.03839787449933241,0.040732216017425216,0.00046306147271220094
-0.0013499999579438958,0.0395070909555591,0.011038640374299911,-0.008965405925748052
0.011029217188214225,0.06267601096394322,0.026853042231842955,0.001940880604658803
0.006894756669058117,0.052266499692065906,0.017999303292915807,0.002715710130852458
-0.012984356832395334,0.009804960618950411,0.0024595845404695796,-0.014811787545651154
-0.049491737813178234,-0.037446933639121445,-0.006088437137138449,-0.0324424983350837
-0.04329779066821497,-0.03494078650467369,-0.009443460941072214,-0.04822343424808519
-0.04577252061538234,-0.026139045220679245,-0.023473721052631527,-0.051867795473781966
-0.04195691051173783,-0.03945992576021537,-0.010577754226327455,-0.038055930654165106
-0.053575949977835075,-0.036033238752858715,-0.015901621628291708,-0.0023643309286084657
-0.05886863857255212,-0.05081688940275679,0.0062834333672071845,-0.013604032482308235
-0.02693675116868614,-0.04090564319303399,0.0259232315931176,0.004635124676327775
-0.029339101687079035,-0.06924980864334501,-0.03586679101266669,-0.01969938091497524
-0.021477209842319777,-0.06685732911793921,-0.02731195733043761,-0.015943159195450574
0.009593694444086748,-0.04017215023217556,-0.0034049796561243287,0.01710381188145537
0.004775546648384467,-0.04777827558343679,-0.011214985313751709,-0.0067060087995496395
0.024130102894967097,-0.01143806304332056,0.027617143315230658,0.05259078859937328
0.01015363533858548,-0.05163891065544071,0.0078005793780960226,0.018281313929085687
0.0020922693806525406,-0.04548014159660534,0.004409270288706474,-0.002829457506906853
0.031222320810575376,-0.027563160655284635,-0.018028455741093092,0.006103186803235928
0.02862614168515832,0.00983335271896761,-0.02798180982687109,-0.011623046237630373
-0.006459566275800923,-0.003213571728911023,-0.038042073509887385,0.00037630618487499837
0.017013281674748592,0.014875553002742617,-0.011652324970557928,0.008083998375651708
-0.013463747835614439,0.017962760775758205,-0.02220597419111709,0.00697875782144493
-0.01107287184213133,-0.009048841774235806,-0.04475602145100664,-0.021018449141324645
-0.023074025170074338,-0.009176315460458401,-0.05952689305533627,-0.019504620818308473
-0.039456764222980306,-0.04007511395091567,-0.07934145883175332,-0.04976107196344552
-0.03575792183422263,0.0031554916029422776,-0.06631283423008218,-0.033958817209096825
-0.024824007174122868,-0.006622835357791493,-0.0730373793925209,-0.013534031167171041
-0.025331937992587285,-0.020232798731424348,-0.05959215393334376,0.005754071805218605
-0.006557180866220483,0.0064812964563207886,-0.041606644295344046,0.04146880506500669
0.017012746320529386,-0.015935615945806215,-0.0271914064093045,0.032558875183973816
0.03715475202005158,0.017308117185319362,-0.03522456578706796,0.04281221987954657
0.05879396642015182,0.01424061298615706,-0.03188719370548117,0.0322562961491652
0.04536165599287244,0.016909995796166997,-0.011119257789927577,0.01652796834361244
0.0451263858855478,0.009311978210950075,0.019236898896177298,0.013735193128452738
0.03073066545377134,0.016441872997464448,0.013175464130318428,-0.00047552046062355113
0.0299972944460221,0.019330849399933302,0.03449395947751266,0.013143336180680944
0.017583202300340862,0.015033542861354617,0.03326634757114344,0.005120630501211054
0.0024833615788693027,0.0312533977878769,0.02192174896215134,0.00026361768159704536
0.02697282175201096,0.06619904792194323,0.056415269114571065,0.028492890294369064
0.030934911136274043,0.09143240731027143,0.04769312921759009,0.01745332377354053
0.04075290639640624,0.08939901977929948,0.09283660923846661,0.036817280571973095
0.04942647406487792,0.09383436294467017,0.08659007805019288,0.04632903697526036
0.040168760652612684,0.08783302505221496,0.065823118402937,0.026161575104456904
0.0382878583494073,0.060853209739097004,0.06772891388805555,0.012289462266507341
0.04237605106996366,0.056971850478478636,0.04012835300372549,0.001823615787982121
0.01778374812688882,0.046285581905462884,0.0643948153663927,-0.002518637869864238
0.03082597785745221,0.06260227599792473,0.07773438376862082,0.008314570748246628
0.008510166485787757,0.05099510825616732,0.06876743111857118,0.007081764306927474
0.005641723642117138,0.052509523236854996,0.06231046898405404,0.009455402549316774
0.004457796277219109,0.06010464196336259,0.07753474785054672,0.012725931467004766
0.03763469535500343,0.0687194063903366,0.0893786602860543,0.018975744066124345
0.036355376723357855,0.0764706589223947,0.09265382671229518,0.02948420873944855
0.025148954143036983,0.06994151836697451,0.10338082625026256,0.016830299623473807
0.005265496053504413,0.04014184354586589,0.10899824329237703,0.009125371815486095
0.012105098440003919,0.031798900212977065,0.1261387575195401,-0.017696119102615003
0.00901624428479387,0.020414355495378067,0.1116383986453905,-0.017174106556309778
0.01261600722206066,0.022919619727591805,0.11890463058833464,0.0003448620689655366
0.008823657952916158,0.03651394049127795,0.12755409539341842,0.022582433724920557
0.0037567768037791373,0.04066970468238453,0.10399779649054582,0.020992535980148882
0.02310345812807878,0.05015926479932716,0.10998878141206349,0.031026608111332326
0.033255972556603654,0.05595395301577717,0.10482939619648624,0.029694188172259252
0.0360297518610422,0.03700758568384664,0.10192662077476838,0.008794785843290033
0.02784948840498925,0.03998195368892363,0.09301594600175067,0.006416210691998477
0.027527437865307123,0.045181351658892754,0.1000633261305529,0.00467043184871265
-0.0007248912658268118,0.031165853286930154,0.09314370770358636,-0.011047407621786475
0.006659262269173464,0.009603670608792683,0.07898303554253383,-0.007951662386272791
-0.00486306028346996,0.008391812750084488,0.0855041991230315,-0.0017870562407091958
-0.004734600533679547,0.025172418719211876,0.09687453427237731,-0.002635881287532111
-0.0053649934222311825,0.026041429708984282,0.06722862425193889,0.0041104793692796305
0.0043467470995399715,0.03200991066997517,0.06482669083817308,0.004104253864676318
-0.003786106512295465,0.03192013967513759,0.052986124249306044,0.005757702923862557
0.011025746299048398,0.02954646079270584,0.05314327416596266,0.004612973885863336
0.005601105583743903,0.006378626593422043,0.043125475876548296,0.002985917949267639
-0.014321618445187386,-0.009770062893502431,0.030502296216275034,-0.02034140928600254
-0.042381471133624185,-0.04044493677649434,0.007685639729268598,-0.04127580798758368
-0.026488152699326493,-0.033285541847378135,0.020805953523766157,-0.033146830095050484
-0.020581866130058198,-0.024382051743199223,0.011723213071612991,-0.022039744118883757
-0.01885793089089165,-0.014972257691780896,0.024411075883491316,0.0011289809487091053
-0.021523890798932244,-0.019601250462930035,0.024694490205843043,0.026494125071297454
-0.022087732211844225,-0.015136075757785935,0.015558048812737202,0.007519565684770769
-0.012517195108397845,-0.028633548180582936,-0.019304864736877564,-0.012274758307799463
0.02624321934719517,-0.01045088578070542,-0.002146774907165134,0.00279483701095619
0.013950766864305771,-0.015136197130670432,0.009655206896551676,0.0019064378288845948
0.019394103396613165,-9.633981938133286e-05,0.025942581062968352,0.01944412708545367
0.022015224643518856,0.002356359735845519,0.03444169727047143,0.03613860949583546
0.030551888283408036,0.014191620103709605,0.046564758274774104,0.030803847431960758
0.04605709916415412,0.018988787808286656,0.04909630007547104,0.03942225665517283
0.06337923212585607,0.027177581560971366,0.033729563798883117,0.03034391268528835
-0.006258551608477397,-0.0023561554959937382,-0.01210319860211344,-0.02494721238776421
-0.004488748870895485,0.023834613712892246,-0.017574312508312186,-0.03216020194895446
-0.0536075053850184,-0.027950895557291425,-0.06030607670092564,-0.07768488802006303
-0.04346573072859586,-0.021063450886860527,-0.04493193248064598,-0.06796930224354238
-0.07281095479709385,-0.041578799336780575,-0.055928528530376345,-0.03823068199589938
-0.09176675104378178,-0.05416239732543005,-0.0727019970727116,-0.0517054908936407
-0.09382008315089824,-0.04816850538802886,-0.06257549899912228,-0.013435792828240749
-0.03990356130920183,-0.030024323010630946,-0.05779816829169959,-0.02131607931296822
-0.0406292554616977,-0.042880910563643446,-0.05288365284587559,0.0014324397532489072
0.00580182182803657,-0.03576308425867676,-0.050357964296007085,0.021396454044228356
-0.016501198302206872,-0.05553414544682932,-0.055625135116668806,0.01155527433927449
0.00849237218758706,-0.05426020385472834,-0.05203170067850487,0.01024957694230572
0.02212000046203939,-0.06190116007348393,-0.04858801771751613,0.010319305236270754
0.0195511626654269,-0.0722868686913636,-0.05467072089398273,5.0569244280379544e-05
0.0160405366668237,-0.07320495113318012,-0.048016903102297684,0.011066342211562847
0.008429088122605325,-0.028734554498756306,-0.03102300691624287,0.0013695987072083783
0.009411526351982762,-0.022299491061049063,0.001003622896408987,0.00869697610968343
0.013157234191590166,0.011094676291549772,-0.017166325404008715,0.005211490615318227
0.012073200119890385,0.0006519710940923704,-0.02042521255388822,0.006304852373268747
0.0186074375566074,0.03059290924135208,-0.012257906529903013,0.020516733146405283
0.02028938990229404,0.04217266416422903,-0.01427390575393592,0.010827554994547201
0.010087763797229995,0.0330667464616947,-0.016694534681438892,0.008003206402609472
0.021935167839974744,0.033823557786512574,0.0027837053515306362,0.011127267082533867
0.016692575650594663,0.03611753256704983,-0.008312130680380763,0.006800744702915075
0.027935788271362463,0.033345118824441584,-0.0036104897283692713,0.012744890039520675
0.03358233756659653,0.05160901222110268,-0.006791195616780544,0.02971143587614684
0.02204021874470414,0.04443764915442465,-0.012233750602247661,0.020621638241642502
0.026332820024780153,0.046468133762084515,-0.018309457697722274,0.020412187442632256
0.04079695497845185,0.054594181616040224,-0.021639129513114534,0.02061498374001085
0.03400585007695144,0.05210330505657488,-0.024915865977148986,0.01154157858110166
0.0309140557321843,0.05921987008773679,0.028783659004535143,0.01554226536277765
0.011164425564761424,0.03513958005063965,0.01205649423836233,-0.0022226854679222655
0.008437951316300601,0.04671062109740397,0.05832353660940667,-0.0023029123260585624
0.03497011527985886,0.06806677028887706,0.068763118949666,0.021573421958357004
0.038509788028756715,0.0669148483531623,0.09955487747708151,0.02793054240624684
0.04063715052756345,0.07562608705061503,0.1209881047860844,0.05036316707021788
0.0409895161031595,0.08429044452937286,0.12014440174946386,0.04419332595614316
0.053278493534429955,0.09170673854571434,0.1286321445028405,0.033506969515359065
0.05346243583535114,0.07257659743597192,0.11131541762452113,0.012143488973174691
0.03673959658676993,0.05567522742299868,0.09087684332143796,-0.006039640554346806
0.03036276747595412,0.06473978248785967,0.11968995093456981,0.011144878931311124
0.031684791428807244,0.0769828844382092,0.12484147200219461,0.006856509228652016
0.0210235736567148,0.0700618453303396,0.11978562229285282,0.018019739478432273
0.0326978264377721,0.07585286441956557,0.13458817109182442,0.04012249714963575
0.008808981679316711,0.06510380296474035,0.12059923132753024,0.011887411294292256
0.0248230632240573,0.06623944839522584,0.12938201001161126,0.00541172983197144
0.03103113838361957,0.07641646004842617,0.114241282414124,0.0037026640209580296
0.015804340643143913,0.07251744273889077,0.12261539862702375,-0.005396030917855147
0.006764679201662326,0.047632498899666705,0.11894145954943255,0.004816163341730795
0.012372391914536542,0.04313034151543475,0.11293125013052246,0.005651722385828289
0.004727069106157072,0.0387275667697806,0.11728246815618558,0.013586485574889715
0.010397434490682254,0.033803062695970686,0.12094278240644117,0.006501354107076852
0.006997389369360494,0.019388839293263214,0.11287366505474972,0.0056441272701100486
-0.0026093305857897158,0.019122938925533507,0.09308741420169654,-0.0111507584007684
0.004663085704448218,0.039333972620881674,0.09719912791499795,-0.005459369656555219
0.017021984926044117,0.034068113810057525,0.10101345857575196,0.011404120837564563
0.015165071567775317,0.026427351257613668,0.10544468942369571,0.013808489977728319
-0.007501118408773357,0.00970827206738064,0.08045029685372991,0.008615263986674816
-0.009666776722501333,-0.008606880828423051,0.06659312702658879,-0.00785472818769536
-0.021737216035634794,-0.011477710865352772,0.052878849472723394,-0.03268145801960107
-0.008976048835941148,-0.01448818054644138,0.05079157876113775,-0.034666075536043776
-0.01829787955511604,-0.010392289051611915,0.06523002905569006,-0.016278341682937583
-0.02823285851669313,-0.010760857332021924,0.06097623555147257,-0.007556983559506829
-0.03787350515271958,-0.01908264157223969,0.02764090342373457,-0.0029141199097103563
-0.04051696238756337,-0.04304190066514583,-0.001767971024872235,-0.023485521075969865
-0.031892389293260714,-0.04474035448636904,-0.007745472782262945,-0.02159385360915646
-0.025225358009866004,-0.046329268466309095,-0.01409227693696352,-0.02968772538440546
-0.037048835923071934,-0.0575946236080178,-0.039322477216046425,-0.03383865711642444
-0.027276446664197634,-0.03486691973207379,-0.01641073878309821,-0.002703341840549904
-0.02846393898237007,-0.043379304218971154,-0.005751611962551388,-0.004042351993112335
-0.03233172951560383,-0.0666842823590116,-0.03488797626970289,-0.010183146392160511
-0.009601482037732749,-0.0663884033465272,-0.04171552174358434,0.004348432998822903
-0.015100826990517485,-0.052054916810272786,-0.04285200803773114,-0.009347104690624365
0.0007473981619263484,-0.036300630077824976,-0.04459507570917152,-0.0005131840304217725
0.018811721266332425,-0.018531973830524788,-0.029796980058486515,0.017225149142760295
-0.0009814740338295967,-0.027081206182838942,-0.04117702932468795,0.005976704645472652
0.006251439059908331,-0.01945719407438655,-0.02964727834104413,0.01754965788767438
0.018876829227281622,-0.021438656994999472,-0.03196881599770805,0.007748268116405225
0.01402417021920631,-0.016028838542859428,-0.034805607534366435,-0.00037115285959892776
0.019106491394506358,0.006851554320416376,-0.036485250265190665,0.010572647141014373
0.01143575869502055,0.006830224854426965,-0.03821571631315074,0.00463628351211198
0.012108563969725311,0.019058305128378965,-0.028153920672735637,0.010467855779560577
0.02427957579246759,0.03488202370764204,-0.02472161692650336,0.016150721603236082
0.006490769099255796,0.014581459949612362,-0.02079387037610101,0.004953207944575417
-0.027790644588901656,-0.02076049393719175,-0.06323922237392536,-0.03133512362051665
-0.01480485443539768,0.0017933223726283411,-0.06501054640184034,-0.026952717694302863
-0.04212575609432915,-0.026213030584662105,-0.0908611926837999,-0.054944047338808616
-0.04111866222604949,-0.019766957495084378,-0.07079290697735835,-0.04288542618979094
-0.046983864191715,-0.029546307189453298,-0.06477438769982814,-0.00948065772693641
-0.04667732879667496,-0.03164002275611197,-0.049585644512923285,-0.01672320999021676
-0.0345478840029091,-0.019507855059596114,-0.046060764997381196,0.012903528058220941
-0.005764611884648266,-0.03245398458478386,-0.051279715182617126,0.004379646762824313
-0.006642189592247053,-0.023297819081921807,-0.044237002124892406,0.014236885878757438
0.03175143564422422,-0.009189195669052788,-0.025070742078194225,0.022804623634448767
0.027481018517090245,-0.01171187368369831,-0.0049405639020196485,0.018607801299829134
0.0329469042769102,-0.008906765343054403,-0.002137375698646116,0.029086170596711244
0.02012167431843383,-0.023973280638553668,-0.005371865607512519,0.009769042769693276
0.014409108533977916,-0.028956364863526284,0.004915602238459099,-0.004121991565834595
-0.005318894002406427,-0.04380668927738156,-0.02986399481299245,-0.02768280885093421
-0.018305117330704092,-0.013768456801385087,-0.034243110774627196,-0.03608679540153649
-0.05456934154833142,-0.049180342232807296,-0.047475216068198565,-0.052082831750245646
-0.0684810045322731,-0.03890393909630718,-0.06409717953557396,-0.06462539831322432
-0.08865707973219131,-0.058042150630677435,-0.07666179140132193,-0.0571346029758686
-0.0772554245094067,-0.05497574806453271,-0.08289772491370133,-0.050867104267115236
-0.07431448626915722,-0.05710725927480012,-0.08694040704791824,-0.024920719875559282
-0.04855960064977746,-0.05768403182754969,-0.07606659515500083,-0.006888897442774053
-0.055359607153268126,-0.06296419988533992,-0.09337474529765172,-0.0008685775553413805
-0.014466894856656759,-0.05666997336439448,-0.0786475056594953,0.012418577207218555
-0.00040228290848993607,-0.06885573870308348,-0.07741220551625647,0.010060439104318279
0.006488882043281821,-0.0772869905548974,-0.08809368876782357,-0.00258225316455698
0.005140518223544735,-0.08041530267310729,-0.08860582778526162,0.009920746459922032
0.008282119895148748,-0.06805049300875149,-0.09039238008081442,-0.0024130102796401593
0.004860794936708812,-0.06655375538989824,-0.09358296542931675,-0.001659972894108505
0.008744525562599964,-0.049715805475327064,-0.09134460991007623,0.001370577151871269
-0.011914312406136204,-0.05052892252859578,-0.06360167404292535,-0.004759744676698918
-0.00895416299954297,-0.02392985085076998,-0.07193331482915637,-0.007206243628237764
0.0014213868363524519,-0.008045411777679125,-0.04663635266418276,-0.005996185417850914
-0.0461289167520148,-0.03750253404096388,-0.09336795694180358,-0.04501667963643613
-0.07664788271872722,-0.0674368906237152,-0.1187052451790631,-0.0677690500976487
-0.07850449183950689,-0.07077888898713365,-0.12384415989736323,-0.0717221986630678
-0.057284742403040274,-0.05843034430379752,-0.11274387829083227,-0.05733257348136927
-0.06766727446959135,-0.06289952856712563,-0.12190330996307142,-0.02723221607303817
-0.08796509029909882,-0.09672232653048789,-0.14791104822665735,-0.019374573364068642
-0.09094135771396848,-0.09789220627418606,-0.16000750480098583,-0.019411651918972792
-0.042998225846739985,-0.08482666925156936,-0.1555576618212173,-0.03054424492466268
-0.00709492456682695,-0.0787888582006973,-0.15286833099432698,-0.007203312414733992
0.0020231572062784486,-0.07654707643068857,-0.13938850314995313,0.0198686951195507
-0.027855494756998944,-0.08908599907486645,-0.14971074667367132,0.008085635330556657
-0.005238783083219592,-0.07588970079817751,-0.12183258867104162,0.011149290055188018
0.016306812745701827,-0.07092343824589,-0.11786867585789755,0.003737745430463547
0.034907678192074104,-0.057966597075442744,-0.0805093159038707,0.012769418826739501
0.021910345140394614,-0.06610233555832441,-0.0736159268269705,0.01908395297645729
0.005551635457931319,-0.028877815349882905,-0.06529735813765913,0.003565796395636391
-0.014024594815825396,-0.013916951676405668,-0.08041532635210356,-0.010569015877723012
0.00027659586390419105,-0.011209552405688111,-0.08119504172750411,-0.02564790184057122
-0.014317845741537844,-0.03377077739086122,-0.09022788354430382,-0.024697405953371478
-0.00564043039460913,-0.009113222373806235,-0.07143953354989208,-0.007434131327931139
-0.02602511506062002,0.006010697028466645,-0.09129299810268443,0.00044278283761062275
-0.01590399535154957,0.010985339753690497,-0.08798224566565584,0.0025991317524842825
-0.008800699586742025,0.00582429002565062,-0.07949643434954981,0.009183042432554031
0.008966183654877648,0.002033804288663979,-0.07691529502974084,0.003965199868210137
-0.006525510075479704,-0.019645326057298813,-0.09468861021277354,-0.006140744803627656
-0.015917108812442977,-0.021905033863840212,-0.10903960111217767,-0.02471040223865854
-0.012226021453617984,-0.016073246544038203,-0.09074315347113332,-0.010864175692227678
0.0,-0.010130912818953479,-0.08033583189515393,-0.008447657568058297
-0.006563717486535246,-0.02952742668306325,-0.0857824193132942,0.002560573422563091
0.013345822386303136,-0.0026054171981852504,-0.0685355285946058,0.039192357910041234
0.007460235752162783,0.003935727517921388,-0.025055743044491503,0.023974146833328658
0.02104090802251852,0.015220279535875342,0.001091507964667511,0.014770956372287975
0.0525957902490072,0.029253956431411095,0.017716480268031364,0.03336846353135036
0.04499326469116146,0.043132236764946895,0.007904850207926728,0.020027172789115626
0.002876764850541184,-0.001652180838724761,-0.010750346521145955,-0.012958755026488963
-0.000610743431176879,-0.004204442470802257,0.001780982927798778,-0.018699193866294244
-0.013387793197278858,-5.5212354298714925e-05,0.01092952087292121,-0.025951010798168028
-0.005608183477987811,0.00716926590007981,0.013035311809603501,-0.025609497835279677
-0.0024532356603208082,0.003730076735105682,0.005771467269830565,0.009377741666911616
-0.042714362849622885,-0.008238219033839768,-0.027721702592087352,-0.010166677777777819
-0.059702227060318996,-0.0032801831073335916,-0.025113364449128064,-0.027855856335104016
-0.029402041203674144,-0.0190120650144288,-0.03477972595017881,-0.036576727904048485
-0.02244440555555561,-0.026554481814408178,-0.0364163734931474,-0.03836478934014191
-0.03910858995951317,-0.03281330279932659,-0.06137183708975357,-0.022282096001370537
-0.03641246683424233,-0.04228573605442177,-0.04478098126865291,-0.0014753120325887224
-0.029019554683999485,-0.032614645919315094,-0.02880728076082562,0.009775510254768555
